WatershedDelineationTool/assets/Test3.asc
ncols 284
nrows 299
xllcorner 567465.000000
yllcorner 4536291.000000
cellsize 3.000000
NODATA_value -9999
[rows 175 to 199 of 299, columns 171 to 227 of 284]
249.418317 249.415510 249.350005 249.319566 249.268862 249.256742 249.219281 249.143071 249.102202 249.065562 249.034065 249.028316 248.988115 248.929545 248.948569 248.905502 248.867899 248.878064 248.883510 248.921971 248.873811 248.868291 248.855012 248.836464 248.829782 248.877624 248.892512 248.936764 248.956442 248.982515 249.007475 249.045351 249.082528 249.122278 249.144064 249.211280 249.217609 249.247409 249.167241 249.147568 249.115179 249.119846 249.050652 248.976680 249.032756 249.024330 249.017514 249.026520 249.019505 249.009121 249.074933 249.027873 249.030393 249.032103 249.037194 249.007416 249.035041
249.448235 249.402030 249.392682 249.331702 249.270374 249.236235 249.197356 249.195840 249.109481 249.072724 249.027814 249.015854 249.059224 248.987553 248.959993 248.935348 248.891650 248.857159 248.905445 248.839676 248.864812 248.893669 248.886847 248.882704 248.848668 248.897287 248.939209 248.934714 248.950826 249.046734 249.071305 249.076154 249.109470 249.179996 249.248832 249.317597 249.234686 249.250331 249.228639 249.199780 249.168554 249.150115 249.097497 249.018740 249.077279 249.085131 249.055302 249.061510 249.076820 249.058360 249.114244 249.126999 249.054908 249.092017 249.095337 249.065805 249.100530
249.479987 249.433077 249.381890 249.376396 249.309318 249.223846 249.202071 249.156716 249.123352 249.182503 249.048652 248.999031 249.016872 248.952464 248.900146 248.927029 248.889855 248.886827 248.891522 248.874987 248.878596 248.896788 248.881833 248.887443 248.906030 248.925405 248.971413 248.972587 248.997858 249.081171 249.115954 249.125228 249.175603 249.180279 249.235142 249.316299 249.216516 249.339736 249.368094 249.287456 249.280066 249.250723 249.133127 249.107115 249.205191 249.163202 249.111954 249.124691 249.118431 249.119714 249.124931 249.137469 249.126121 249.138166 249.116742 249.062681 249.140649
249.497310 249.449640 249.419852 249.362442 249.324068 249.265240 249.252702 249.162516 249.117620 249.068401 249.032787 249.022500 248.992987 248.934629 248.939535 248.938566 248.876350 248.923508 248.898806 248.875125 248.844143 248.881656 248.917919 248.870256 248.859657 248.963994 248.998069 249.025027 249.068966 249.093635 249.146758 249.207704 249.240572 249.168780 249.323196 249.329995 249.363271 249.359562 249.425084 249.306400 249.313957 249.263730 249.196794 249.149893 249.174782 249.175279 249.158944 249.221346 249.179561 249.116365 249.213606 249.172825 249.106713 249.169977 249.158119 249.189398 249.157493
249.548372 249.515174 249.447539 249.373800 249.319715 249.265186 249.190544 249.159617 249.178991 249.078370 249.033659 249.016818 248.981036 249.011009 248.956944 248.956879 248.881118 248.898143 248.884385 248.890383 248.922963 248.899304 248.917460 248.916057 248.978185 249.006623 248.997790 249.038546 249.085291 249.121815 249.178356 249.211365 249.276703 249.263419 249.317614 249.374836 249.364016 249.369401 249.437476 249.374060 249.376531 249.351053 249.255235 249.218364 249.234091 249.166618 249.135863 249.207750 249.231651 249.179996 249.171381 249.229523 249.197637 249.181836 249.185707 249.161469 249.169212
249.554048 249.481455 249.444031 249.365197 249.305668 249.306022 249.213064 249.174785 249.117101 249.129870 249.033234 249.039878 249.028168 249.026427 248.997730 248.956897 248.929955 248.928158 248.949769 248.907789 248.941975 248.986749 248.928518 248.947145 248.977388 249.000167 249.054760 249.073257 249.105061 249.169318 249.217622 249.273900 249.287251 249.303820 249.365862 249.428522 249.430253 249.423383 249.446611 249.384078 249.383333 249.353125 249.321924 249.247793 249.254344 249.251894 249.208676 249.110033 249.160175 249.192610 249.200344 249.262402 249.248231 249.206262 249.216251 249.189983 249.184194
249.545384 249.503876 249.544294 249.358294 249.310485 249.289772 249.242456 249.190492 249.210623 249.078144 249.067590 249.066506 249.064283 249.068696 248.972117 248.974181 248.947610 248.941004 248.953683 248.939472 249.019985 248.945893 248.913597 248.942189 248.944478 249.041135 249.076652 249.120102 249.091836 249.200342 249.256866 249.290687 249.300226 249.304749 249.387952 249.446044 249.449463 249.473380 249.449217 249.421091 249.381362 249.368760 249.306587 249.240204 249.289263 249.289053 249.268407 249.256212 249.252306 249.246461 249.279570 249.235773 249.262591 249.289857 249.273372 249.252688 249.226480
249.543187 249.537045 249.516032 249.370350 249.365384 249.320290 249.222966 249.192433 249.175646 249.107205 249.058173 249.041976 248.956664 249.035094 249.001677 248.991197 248.947799 248.934482 248.970220 248.917068 248.958070 248.937998 248.948675 248.999470 249.102553 249.078245 249.122309 249.149459 249.160313 249.220796 249.279810 249.300201 249.333081 249.338553 249.389000 249.429846 249.467613 249.460062 249.488853 249.384384 249.446321 249.417765 249.350959 249.296995 249.324619 249.318914 249.292321 249.277117 249.367612 249.285225 249.311394 249.366710 249.297451 249.309330 249.299668 249.280597 249.241888
249.536180 249.525957 249.480119 249.430068 249.325619 249.329874 249.204085 249.193166 249.143896 249.059937 248.993940 249.049936 248.985340 249.011807 249.042091 248.972670 248.986931 249.006767 248.988908 248.954608 248.984337 248.978161 248.973349 249.023870 249.082663 249.122306 249.124829 249.219960 249.197025 249.271881 249.307782 249.333469 249.342890 249.402724 249.462176 249.489928 249.521275 249.531834 249.555694 249.530842 249.529960 249.467231 249.399116 249.333557 249.391601 249.363264 249.361269 249.330610 249.349522 249.359940 249.328065 249.373318 249.330918 249.320474 249.347163 249.343167 249.300562
249.558259 249.509626 249.462893 249.360814 249.254323 249.309956 249.249266 249.178061 249.184875 249.105199 249.044292 249.058916 249.057797 249.031946 249.005946 248.999895 248.950054 249.002270 249.038861 248.967453 249.005767 249.014254 249.013499 249.042098 249.019638 249.138007 249.149151 249.188235 249.252296 249.314087 249.302967 249.386359 249.408434 249.463058 249.486830 249.524593 249.550457 249.601522 249.598921 249.554447 249.516342 249.492126 249.445518 249.429830 249.417404 249.418994 249.396245 249.402548 249.370072 249.322311 249.386453 249.408983 249.389833 249.326772 249.343497 249.321760 249.322542
249.529626 249.502681 249.484400 249.360702 249.287611 249.266341 249.212804 249.124552 249.179414 249.139668 249.045731 249.070780 249.089621 249.044040 249.022714 248.994980 248.991133 249.044600 249.058547 249.005716 249.054625 249.068634 249.020389 249.100667 249.126612 249.161680 249.173830 249.233661 249.298950 249.363580 249.384054 249.380437 249.470530 249.484723 249.486091 249.529396 249.579617 249.658679 249.609161 249.604730 249.559638 249.512473 249.494884 249.475423 249.454944 249.432395 249.392033 249.399026 249.396525 249.370085 249.364908 249.417934 249.366572 249.354127 249.355032 249.335160 249.274600
249.483839 249.453345 249.413682 249.358431 249.327926 249.273018 249.226322 249.192726 249.175838 249.105332 249.078794 249.117943 249.048482 249.081474 249.067484 249.049987 249.044942 249.040285 249.057639 249.019875 249.077290 249.048214 248.987895 249.141612 249.183693 249.197064 249.221334 249.289697 249.320257 249.443989 249.431099 249.485865 249.500167 249.516642 249.542142 249.566674 249.611035 249.637641 249.617404 249.583180 249.626137 249.529016 249.456671 249.457524 249.438110 249.438028 249.402515 249.366940 249.394570 249.368371 249.336708 249.331190 249.412198 249.320976 249.354641 249.349872 249.282432
249.475671 249.435145 249.408556 249.297178 249.368381 249.288984 249.285430 249.199790 249.169146 249.092506 249.110026 249.099827 249.121412 249.098123 249.081563 249.087660 249.069236 249.121530 249.093993 249.082301 249.131149 249.107439 249.087312 249.164352 249.223960 249.206359 249.259228 249.295256 249.357381 249.404622 249.474064 249.490212 249.526488 249.551229 249.584276 249.592595 249.580020 249.706344 249.660284 249.636010 249.601646 249.573938 249.526675 249.460093 249.421249 249.480226 249.450155 249.413913 249.409051 249.388961 249.390121 249.381099 249.345741 249.335649 249.403720 249.357852 249.356785
249.475900 249.415644 249.473676 249.324894 249.306677 249.281820 249.256652 249.213796 249.211688 249.120368 249.104512 249.216599 249.198843 249.155278 249.075002 249.118207 249.075748 249.160632 249.140841 249.109655 249.166199 249.153731 249.115630 249.198530 249.243561 249.250385 249.207212 249.343693 249.349392 249.437739 249.492276 249.532744 249.538633 249.594489 249.595945 249.627721 249.668797 249.659003 249.662221 249.611905 249.595430 249.540440 249.522200 249.473340 249.475073 249.483183 249.464035 249.439639 249.400826 249.402683 249.403193 249.407713 249.377930 249.383383 249.364289 249.390024 249.357569
249.447795 249.430775 249.388964 249.338845 249.347451 249.354862 249.232443 249.249998 249.223372 249.201290 249.140825 249.188971 249.161669 249.163579 249.149151 249.130506 249.138140 249.174873 249.188087 249.160066 249.194489 249.176521 249.157604 249.153889 249.239221 249.259944 249.296516 249.324645 249.352118 249.442016 249.461085 249.534452 249.496152 249.561996 249.595098 249.641545 249.662945 249.675441 249.680262 249.641329 249.614445 249.546633 249.521376 249.505682 249.506193 249.525802 249.487178 249.513510 249.428864 249.420112 249.411893 249.428856 249.458364 249.435700 249.431388 249.414150 249.398702
249.441984 249.386035 249.365467 249.371977 249.298729 249.272365 249.260820 249.208458 249.255505 249.203167 249.173826 249.194957 249.205697 249.179546 249.159346 249.130557 249.142554 249.224657 249.234985 249.174672 249.222438 249.209463 249.150009 249.226990 249.262818 249.245983 249.318964 249.320714 249.306571 249.401066 249.498017 249.497717 249.561811 249.571902 249.637571 249.649589 249.687255 249.694358 249.682097 249.698299 249.630017 249.638177 249.589474 249.552221 249.507804 249.599259 249.565048 249.483342 249.476794 249.470019 249.486783 249.510403 249.460303 249.489109 249.461313 249.404222 249.450108
249.443479 249.399974 249.382058 249.331189 249.306807 249.286953 249.197416 249.215395 249.231992 249.217435 249.096457 249.201937 249.187495 249.169754 249.182374 249.125586 249.135774 249.200116 249.198658 249.178240 249.215050 249.222894 249.214060 249.253602 249.280956 249.292410 249.314628 249.409141 249.311742 249.468148 249.505185 249.527522 249.550065 249.609474 249.611551 249.667545 249.705735 249.730024 249.694759 249.688689 249.670043 249.629446 249.580879 249.566365 249.500987 249.603325 249.530120 249.518642 249.535828 249.486475 249.485285 249.504399 249.481823 249.472568 249.437179 249.470189 249.443554
249.374529 249.384402 249.375230 249.270136 249.321937 249.336470 249.239089 249.266355 249.272884 249.222448 249.216785 249.258233 249.205478 249.226124 249.220346 249.163541 249.170378 249.240810 249.216488 249.266728 249.237164 249.249044 249.243452 249.288701 249.368181 249.282198 249.332721 249.396605 249.395789 249.481305 249.538123 249.573653 249.555425 249.659359 249.677222 249.689725 249.710619 249.704902 249.739376 249.783871 249.686571 249.639567 249.628602 249.563778 249.569197 249.583786 249.557919 249.540494 249.558606 249.513137 249.521263 249.605664 249.519041 249.482080 249.468173 249.463052 249.519815
249.454576 249.349756 249.411175 249.319941 249.321158 249.332964 249.293189 249.274571 249.331447 249.250916 249.260105 249.286485 249.265666 249.220042 249.300439 249.213406 249.222200 249.251882 249.263165 249.272845 249.291384 249.235165 249.314358 249.318982 249.339536 249.359784 249.352956 249.468545 249.445281 249.520169 249.589723 249.586901 249.595859 249.700411 249.674553 249.679010 249.727255 249.783833 249.732796 249.758576 249.689279 249.674195 249.608218 249.583296 249.584495 249.598168 249.532327 249.531195 249.539546 249.560265 249.461173 249.505285 249.512909 249.516625 249.495111 249.489836 249.463330
249.407742 249.407038 249.389535 249.364139 249.339351 249.319725 249.299304 249.340505 249.276291 249.273517 249.299306 249.325744 249.282281 249.321432 249.357285 249.279728 249.260399 249.303020 249.311270 249.292106 249.384681 249.346005 249.314938 249.325990 249.399692 249.406723 249.420769 249.490819 249.469106 249.559941 249.594440 249.567239 249.596865 249.686134 249.637582 249.749994 249.746764 249.738630 249.708649 249.715393 249.724784 249.650035 249.615650 249.579923 249.585348 249.572856 249.570201 249.559372 249.551980 249.585277 249.523938 249.555391 249.544347 249.544888 249.546762 249.493757 249.444708
249.417712 249.300013 249.414070 249.359457 249.310028 249.359950 249.335689 249.359653 249.330303 249.308480 249.310051 249.395704 249.348959 249.388183 249.380224 249.316679 249.306916 249.389417 249.372345 249.361149 249.390330 249.395077 249.309249 249.369140 249.418907 249.406430 249.410705 249.526649 249.497215 249.540454 249.586811 249.571390 249.594065 249.778358 249.686836 249.707811 249.744189 249.730892 249.702996 249.720394 249.697236 249.644170 249.651573 249.607858 249.639093 249.637283 249.621455 249.592104 249.569030 249.535890 249.544799 249.567094 249.559838 249.552084 249.578545 249.532901 249.464787
249.428408 249.416897 249.370515 249.341827 249.339435 249.389451 249.346313 249.343706 249.358486 249.342133 249.363710 249.420585 249.358245 249.442451 249.399856 249.360315 249.362214 249.441866 249.407054 249.408915 249.458334 249.392990 249.383378 249.454605 249.533601 249.467134 249.461055 249.521858 249.498323 249.598766 249.660447 249.578737 249.603293 249.625723 249.648280 249.648934 249.750512 249.753792 249.653781 249.738505 249.740595 249.674791 249.648860 249.571132 249.668637 249.637199 249.627938 249.583631 249.667274 249.585114 249.580517 249.603685 249.586362 249.585178 249.622983 249.558497 249.557915
249.443538 249.443786 249.422469 249.415224 249.423221 249.399003 249.355762 249.393739 249.388726 249.343067 249.397968 249.407171 249.426006 249.453231 249.431187 249.393812 249.424005 249.461038 249.441241 249.428312 249.491591 249.445497 249.431794 249.468788 249.502077 249.499466 249.502095 249.529252 249.514864 249.626128 249.604206 249.567991 249.593622 249.707832 249.620036 249.667277 249.755235 249.760035 249.674454 249.700795 249.711559 249.660301 249.655239 249.594805 249.659870 249.715378 249.642854 249.691771 249.641006 249.635485 249.653497 249.622651 249.592454 249.603997 249.612450 249.570519 249.592440
249.488317 249.454807 249.421790 249.375221 249.399757 249.372415 249.409171 249.428841 249.413684 249.370678 249.408527 249.450761 249.429629 249.452780 249.472596 249.392604 249.418851 249.500619 249.492251 249.479083 249.470012 249.466120 249.450065 249.506972 249.503530 249.514305 249.518528 249.554563 249.532086 249.552904 249.611448 249.571778 249.583296 249.655773 249.631941 249.659036 249.674671 249.692488 249.717865 249.778635 249.697850 249.736752 249.659683 249.628201 249.656276 249.714054 249.630442 249.700715 249.674608 249.638433 249.655453 249.669783 249.651480 249.642360 249.635389 249.661541 249.629529
249.500771 249.510288 249.431511 249.376379 249.405881 249.388343 249.399489 249.415420 249.415675 249.336056 249.461173 249.432414 249.427177 249.475788 249.498035 249.432945 249.494608 249.523607 249.500142 249.491762 249.510069 249.506697 249.472106 249.510010 249.562046 249.521367 249.516938 249.558263 249.561093 249.570038 249.578071 249.562838 249.563689 249.634468 249.610658 249.677550 249.659013 249.662045 249.734835 249.731364 249.707757 249.719301 249.679675 249.627309 249.706698 249.721167 249.716598 249.641874 249.693418 249.769976 249.690238 249.658680 249.651939 249.649108 249.648376 249.658706 249.640637
