WatershedDelineationTool/assets/Test3.asc
ncols 284
nrows 299
xllcorner 567465.000000
yllcorner 4536291.000000
cellsize 3.000000
NODATA_value -9999
[rows 75 to 99 of 299, columns 57 to 113 of 284]
246.182680 246.111485 246.053768 245.871430 245.823998 245.813767 245.765954 245.755343 245.914290 246.215607 246.469741 246.612645 246.660809 246.696115 246.751883 246.797447 246.780853 246.840356 246.887015 246.922703 246.945780 246.926978 246.960342 246.988885 246.985368 246.955670 246.929548 246.868659 246.900046 246.983011 247.024212 247.028323 247.057376 247.077882 247.088212 247.035217 246.983787 246.923874 246.853460 246.870263 246.916759 246.907865 246.887071 246.898731 246.923091 246.948789 247.064771 247.132130 247.202976 247.298851 247.340995 247.333921 247.334758 247.332414 247.340232 247.320063 247.381500
246.102846 246.027613 245.921843 245.808728 245.726381 245.639861 245.580958 245.573608 245.738962 245.970393 246.247938 246.457694 246.593007 246.674011 246.699885 246.771522 246.733483 246.788116 246.944771 246.923675 246.967952 246.939374 246.905761 246.900650 246.918382 246.917997 246.896328 246.846426 246.835447 246.822142 246.923237 246.949213 246.930078 246.950313 246.954038 246.927152 246.888712 246.884748 246.874370 246.817138 246.804273 246.812291 246.846479 246.822637 246.793492 246.956338 247.080187 247.175035 247.173512 247.300369 247.342373 247.411803 247.397486 247.378371 247.342169 247.376600 247.412423
246.022603 245.961848 245.870822 245.771783 245.694055 245.610654 245.576929 245.593620 245.677550 245.852087 245.996260 246.154624 246.340435 246.497775 246.611555 246.718129 246.742618 246.769495 246.779750 246.797277 246.886704 246.899981 246.896442 246.895333 246.893551 246.885356 246.861752 246.833857 246.800734 246.801340 246.843687 246.889438 246.873945 246.886695 246.848172 246.835305 246.833948 246.757844 246.762717 246.776275 246.720163 246.668907 246.661885 246.726393 246.847841 246.921885 247.010176 247.096991 247.163233 247.279651 247.377694 247.421010 247.479982 247.528592 247.400957 247.358569 247.309045
245.957307 245.902911 245.820824 245.716004 245.655544 245.601430 245.577991 245.592688 245.748834 245.746058 245.917047 246.030081 246.132220 246.231697 246.324000 246.409675 246.487998 246.561966 246.637055 246.690128 246.767709 246.817911 246.852062 246.859565 246.863682 246.856232 246.826023 246.801272 246.775875 246.789499 246.804114 246.814276 246.805366 246.760394 246.768682 246.747679 246.761858 246.745437 246.725686 246.653158 246.695505 246.686274 246.718459 246.733847 246.795056 246.909699 247.029976 247.063969 247.130571 247.199330 247.459929 247.347710 247.552501 247.627486 247.477307 247.362648 247.320000
245.877108 245.863837 245.749208 245.664024 245.610142 245.576856 245.576315 245.609431 245.655581 245.722774 245.812310 245.889948 245.978559 246.064615 246.154421 246.209950 246.297000 246.389228 246.453309 246.590517 246.705101 246.736804 246.792896 246.789325 246.817094 246.795353 246.761336 246.728485 246.747146 246.723929 246.727375 246.720577 246.713907 246.718732 246.725955 246.731826 246.713059 246.712210 246.707894 246.693316 246.704327 246.731345 246.692620 246.575399 246.747629 246.963104 247.035219 247.080514 247.051689 247.080561 247.143896 247.326758 247.408502 247.388136 247.410907 247.323697 247.302979
245.921373 245.812025 245.690280 245.620861 245.570518 245.583428 245.615715 245.627057 245.706680 245.749351 245.858635 245.894981 245.941493 245.980011 246.071159 246.140468 246.243844 246.351074 246.438369 246.545241 246.616878 246.707218 246.765875 246.766615 246.778976 246.751556 246.722415 246.711697 246.707960 246.705508 246.703607 246.700461 246.686907 246.703227 246.706381 246.709495 246.697963 246.699623 246.661686 246.698489 246.651056 246.721485 246.719609 246.721764 246.757527 246.866797 246.983215 247.076646 247.101842 247.119338 247.133989 247.267929 247.303574 247.240853 247.369090 247.281859 247.294323
245.838159 245.754496 245.612387 245.611768 245.574033 245.593415 245.643325 245.676798 245.758977 245.799778 245.866970 245.860751 245.952998 245.965147 246.041366 246.132143 246.210738 246.327102 246.437065 246.541491 246.640079 246.701352 246.805223 246.763802 246.786646 246.727106 246.734516 246.756630 246.742377 246.720347 246.731238 246.731142 246.723354 246.711924 246.710234 246.699985 246.677834 246.672966 246.666285 246.660457 246.655763 246.598754 246.785162 246.728284 246.737087 246.780267 246.863264 247.057147 247.169590 247.186406 247.226832 247.300995 247.206268 247.320618 247.360726 247.240583 247.347375
245.851975 245.735206 245.705160 245.607547 245.596872 245.617687 245.668580 245.708711 245.774890 245.816087 245.846789 245.864142 245.923852 245.986979 246.040364 246.122596 246.192662 246.290940 246.398469 246.489181 246.567567 246.675261 246.692120 246.673998 246.700867 246.711578 246.775438 246.759141 246.772047 246.682761 246.728500 246.740940 246.746709 246.738208 246.736307 246.708771 246.698762 246.684965 246.668188 246.664626 246.663714 246.749909 246.745843 246.691832 246.618294 246.657787 246.802738 246.922905 247.049066 247.207476 247.285827 247.351853 247.337431 247.439274 247.456674 247.276749 247.310142
245.841328 245.740679 245.689963 245.616116 245.633577 245.664519 245.706032 245.749572 245.815311 245.856158 245.896808 245.934945 245.969669 246.000584 246.069273 246.114694 246.206521 246.269490 246.351524 246.429793 246.494972 246.563533 246.645753 246.680665 246.705327 246.711014 246.739993 246.685939 246.772026 246.753932 246.745368 246.747303 246.748858 246.767262 246.769356 246.748225 246.751313 246.763099 246.734704 246.684503 246.672762 246.674080 246.678848 246.648497 246.526343 246.513530 246.653941 246.804867 246.896654 246.962975 247.086694 247.150424 247.283747 247.324223 247.336696 247.228420 247.281636
245.786274 245.718339 245.682747 245.652977 245.664638 245.650439 245.734626 245.794792 245.868437 245.909026 245.942607 245.984072 245.984051 246.031238 246.004612 246.138896 246.208594 246.255598 246.388395 246.411213 246.466258 246.564616 246.653376 246.680933 246.732701 246.742762 246.818944 246.809627 246.790373 246.790666 246.787153 246.803725 246.794252 246.807916 246.800817 246.791272 246.796859 246.836827 246.808466 246.839899 246.738999 246.698286 246.653034 246.607826 246.569305 246.494070 246.569793 246.657502 246.740041 246.810005 246.872191 247.016440 247.165185 247.229621 247.169087 247.189840 247.207754
245.788034 245.698263 245.663459 245.661099 245.687297 245.723464 245.726158 245.835283 245.877786 245.974467 245.983634 246.047294 246.068276 246.111532 246.133213 246.170592 246.188073 246.255256 246.306071 246.389882 246.457931 246.527429 246.632445 246.683246 246.727213 246.766907 246.779990 246.818589 246.836570 246.811440 246.819995 246.822432 246.838469 246.842433 246.841033 246.838241 246.818117 246.793475 246.829072 246.820491 246.805055 246.771281 246.743975 246.636410 246.599353 246.550365 246.509893 246.507006 246.609517 246.691741 246.746942 246.803799 247.017095 247.021824 247.026405 247.088796 247.119052
245.769770 245.684398 245.652763 245.710058 245.720724 245.778697 245.826522 245.906508 245.979790 245.998363 246.045169 246.104950 246.124963 246.148967 246.176634 246.201999 246.245705 246.292455 246.335090 246.380206 246.489997 246.590700 246.612022 246.672470 246.736077 246.780996 246.802600 246.822174 246.848536 246.831107 246.845964 246.849293 246.853178 246.875383 246.890003 246.879702 246.857728 246.854237 246.845518 246.840134 246.831355 246.838422 246.798649 246.733632 246.653510 246.572223 246.493359 246.461108 246.526913 246.566608 246.591782 246.620276 246.783418 246.867802 246.934115 246.980451 247.027660
245.720780 245.670347 245.655933 245.692731 245.730499 245.836689 245.876928 245.941684 245.974568 246.016787 246.098164 246.132172 246.189527 246.239465 246.318262 246.301920 246.326423 246.355751 246.402511 246.487525 246.546632 246.598001 246.686318 246.672566 246.716145 246.847765 246.838934 246.853012 246.864354 246.884677 246.874421 246.881430 246.886364 246.907205 246.926920 246.927699 246.935461 246.929941 246.895166 246.843830 246.881795 246.880469 246.863275 246.818065 246.739475 246.650153 246.556595 246.496754 246.430295 246.417606 246.427395 246.476254 246.656269 246.757798 246.847328 246.912788 247.017714
245.753078 245.719475 245.719209 245.750316 245.807843 245.888935 245.950649 246.018855 246.040091 246.068952 246.073931 246.180115 246.239477 246.354458 246.367488 246.294839 246.323558 246.400179 246.472188 246.543720 246.602645 246.650203 246.747753 246.749286 246.752774 246.857162 246.918010 246.896052 246.884577 246.905345 246.920000 246.936996 246.932806 246.916572 246.951293 246.956244 246.978354 246.999364 246.927632 246.922055 246.918826 246.919403 246.880977 246.873568 246.790939 246.688881 246.610561 246.544354 246.456900 246.424983 246.420172 246.504083 246.599371 246.676165 246.779340 246.874972 246.985299
245.765706 245.736624 245.747531 245.761260 245.846092 245.928326 246.035782 245.986528 246.111634 246.086490 246.139264 246.212755 246.281968 246.341915 246.408476 246.427957 246.421896 246.538080 246.546126 246.591269 246.663210 246.723801 246.764779 246.776077 246.805937 246.894654 246.946930 246.920441 246.917700 246.926388 246.950639 246.954034 246.924787 246.941364 246.978393 246.991129 246.992407 247.025819 246.989813 246.968614 246.974918 247.009902 246.918892 246.888589 246.805843 246.736246 246.684235 246.628808 246.548897 246.557221 246.514586 246.542693 246.603475 246.674980 246.777428 246.880363 246.993196
245.792078 245.779951 245.795270 245.824486 245.858103 245.994868 246.062558 246.098851 246.196282 246.173963 246.210023 246.289298 246.332578 246.404179 246.416485 246.404242 246.526428 246.533351 246.580407 246.626062 246.716510 246.739773 246.807707 246.827240 246.851234 246.902727 246.947162 246.966957 246.975017 246.959808 246.987119 246.991956 246.972353 246.960156 246.967104 246.994833 247.019039 247.074952 247.044358 247.016303 247.030390 247.023116 246.969035 246.930162 246.860839 246.792631 246.775924 246.728500 246.659999 246.636103 246.618495 246.644161 246.644279 246.723812 246.800415 246.915609 247.008300
245.766486 245.839072 245.866364 245.891783 245.952639 246.017948 246.106549 246.145018 246.202255 246.197793 246.190154 246.292963 246.400274 246.456994 246.484492 246.509963 246.523647 246.590645 246.665296 246.682219 246.750801 246.832614 246.900306 246.877361 246.900929 246.940382 246.957660 247.007583 247.081827 246.952535 247.014395 247.036083 246.972763 246.999475 247.038487 246.984168 247.029810 247.059790 247.073498 247.029074 247.054900 246.976627 246.985495 246.970451 246.940152 246.917310 246.864141 246.808386 246.773625 246.750741 246.735702 246.733239 246.758286 246.808070 246.863042 246.974291 247.044649
245.872244 245.895580 245.928785 245.960963 246.023089 246.106259 246.150261 246.188990 246.260883 246.295861 246.342950 246.454125 246.464546 246.526543 246.540074 246.549146 246.565788 246.594526 246.727267 246.733060 246.782967 246.824324 246.886785 246.878948 246.908305 246.962734 246.982610 247.024102 247.046722 247.028501 247.047914 247.062230 247.018706 246.990251 247.021281 247.004281 247.067729 247.158575 247.060038 247.111030 247.103776 247.107714 247.095930 247.079346 247.022064 246.966740 246.963917 246.907848 246.885252 246.901555 246.844301 246.839857 246.859716 246.894012 246.938622 247.017779 247.053672
245.912812 245.944411 245.966741 246.036608 246.098486 246.146012 246.185809 246.227561 246.281213 246.364655 246.355182 246.421605 246.556750 246.557059 246.592087 246.618237 246.630135 246.638040 246.736238 246.804325 246.807358 246.901197 246.906453 246.926017 246.951088 246.993110 247.006323 247.055192 247.061199 247.051333 247.080680 247.090000 247.049196 247.066184 247.086458 247.058331 247.125902 247.160000 247.153314 247.217028 247.201122 247.186737 247.099618 247.135801 247.129940 247.054669 247.053623 246.957974 246.980787 246.989027 246.944151 246.938364 246.942725 246.990435 246.980397 247.014177 247.073835
245.987819 245.983862 246.065957 246.112503 246.168757 246.210329 246.274602 246.335695 246.347654 246.396462 246.457422 246.495076 246.575414 246.666632 246.652690 246.652843 246.674812 246.676273 246.746735 246.767625 246.797759 246.855360 246.958477 246.939963 246.958145 246.992933 247.040572 247.090311 247.102250 247.089240 247.165215 247.140806 247.100942 247.133200 247.141389 247.087080 247.090883 247.179459 247.185365 247.259368 247.262031 247.280394 247.257308 247.264475 247.205260 247.139918 247.189119 247.116749 247.079082 247.049092 247.057082 247.061809 247.020572 247.044447 247.054361 247.106504 247.139131
246.042272 246.045313 246.133431 246.148704 246.220698 246.272075 246.320850 246.365120 246.400030 246.431448 246.465344 246.537526 246.616534 246.696303 246.670596 246.696325 246.739178 246.767453 246.818675 246.843751 246.864655 246.915142 246.962007 246.970576 247.027370 247.022997 247.063013 247.111151 247.133456 247.097269 247.114103 247.157613 247.127994 247.198055 247.182314 247.020455 247.130447 247.215695 247.232995 247.294091 247.344222 247.320174 247.306252 247.297771 247.290731 247.229891 247.146575 247.181362 247.188785 247.189991 247.186858 247.122207 247.105676 247.126054 247.228209 247.208751 247.246585
246.100387 246.119949 246.149494 246.163139 246.271456 246.358109 246.384995 246.417744 246.443452 246.510273 246.554439 246.605936 246.719743 246.754834 246.691429 246.742812 246.770986 246.789392 246.854842 246.898748 246.899916 246.969560 247.030778 247.005458 247.045729 247.022575 247.068388 247.159838 247.179998 247.130051 247.181526 247.174959 247.175989 247.121169 247.249823 247.142906 247.186690 247.205788 247.284861 247.368918 247.379500 247.341175 247.374377 247.375017 247.420652 247.277553 247.244744 247.259817 247.322881 247.291277 247.273774 247.264705 247.211860 247.212625 247.269781 247.327974 247.276786
246.129365 246.150055 246.241730 246.259396 246.353004 246.369255 246.488039 246.446844 246.499966 246.538666 246.575311 246.653404 246.728114 246.742763 246.782928 246.842027 246.789781 246.802852 246.894968 246.957333 246.974574 247.035288 246.992521 247.043593 247.083111 247.120525 247.129483 247.142769 247.191252 247.173023 247.228547 247.216975 247.192683 247.264984 247.243927 247.185460 247.250251 247.277660 247.292189 247.437776 247.429468 247.403322 247.447471 247.407773 247.398530 247.352165 247.327182 247.331013 247.381559 247.379689 247.330739 247.308304 247.250131 247.298724 247.358433 247.336678 247.366552
246.183835 246.229048 246.288059 246.335453 246.387700 246.416179 246.502117 246.515616 246.606310 246.609289 246.594411 246.698875 246.760413 246.777392 246.803514 246.823849 246.889815 246.841667 246.898487 246.977146 247.023886 247.070548 247.049119 247.080830 247.081059 247.098212 247.139966 247.249201 247.210032 247.184665 247.292360 247.268622 247.244976 247.316275 247.277130 247.221211 247.288340 247.314828 247.399940 247.466554 247.445141 247.350546 247.487489 247.482982 247.463313 247.410088 247.354631 247.405380 247.451830 247.383056 247.407818 247.399536 247.341500 247.348061 247.478906 247.452891 247.379497
246.280349 246.291852 246.362064 246.395586 246.427086 246.511157 246.592345 246.611510 246.551592 246.665139 246.540425 246.754175 246.804262 246.834488 246.876721 246.905923 246.890484 246.910485 247.050153 247.016411 247.023468 247.121319 247.112891 247.115075 247.109582 247.110498 247.147496 247.217441 247.225693 247.219693 247.289203 247.283505 247.275826 247.312684 247.306484 247.245767 247.321378 247.386980 247.455726 247.449561 247.450654 247.465242 247.508258 247.457130 247.415311 247.453736 247.454229 247.442189 247.605445 247.475553 247.444772 247.472152 247.431199 247.465269 247.462321 247.471532 247.439815
