WatershedDelineationTool/assets/Test4.asc
ncols 85
nrows 76
xllcorner 567975.000000
yllcorner 4536627.000000
cellsize 3.000000
NODATA_value -9999
[rows 50 to 74 of 76, columns 0 to 56 of 85]
249.026384 249.018643 249.019935 249.015345 249.028796 249.041936 249.045560 249.136326 249.071394 249.158679 249.104490 249.116305 249.077179 249.113258 249.002296 248.917781 248.859607 248.814064 248.713110 248.771449 248.713081 248.677582 248.642362 248.658614 248.606306 248.590090 248.573264 248.549377 248.540907 248.564352 248.472233 248.444834 248.428593 248.387885 248.376670 248.373755 248.369272 248.379736 248.347922 248.350806 248.279691 248.299937 248.258864 248.275500 248.248200 248.308683 248.375960 248.384490 248.409559 248.388291 248.448036 248.470000 248.486109 248.500464 248.538431 248.543062 248.578461
249.049648 249.041924 249.019651 249.044156 249.054443 249.056307 249.061261 249.132488 249.100004 249.119691 249.124087 249.098095 249.092558 249.162435 249.060318 248.923983 248.939212 248.857971 248.770794 248.835062 248.769769 248.758611 248.693653 248.702185 248.611948 248.606590 248.580341 248.588478 248.540373 248.546083 248.515671 248.486030 248.459611 248.408194 248.389008 248.411959 248.466208 248.472561 248.442242 248.357661 248.323208 248.348908 248.348886 248.297774 248.304823 248.356441 248.394740 248.360373 248.424397 248.401144 248.540144 248.438780 248.479228 248.505029 248.510580 248.540204 248.542674
249.070839 249.038190 249.035885 249.105817 249.062660 249.033646 249.119116 249.145515 249.088589 249.141682 249.195851 249.189593 249.160321 249.193672 249.107869 249.001124 248.957478 248.865095 248.853580 248.847505 248.775216 248.751119 248.690581 248.707306 248.634990 248.657871 248.708624 248.552035 248.556778 248.552359 248.554332 248.485755 248.471285 248.442889 248.532403 248.440072 248.497060 248.528785 248.507089 248.443054 248.424958 248.417428 248.401399 248.325228 248.359475 248.410123 248.430136 248.437609 248.504782 248.455065 248.461967 248.444194 248.544903 248.519432 248.514723 248.579025 248.648114
249.088976 249.080281 249.032042 249.083695 249.074730 249.080277 249.136224 249.189038 249.155619 249.210734 249.239999 249.211251 249.186182 249.206905 249.159506 249.045184 248.987700 248.895100 248.852093 248.851014 248.806266 248.732200 248.716947 248.728204 248.662601 248.673367 248.648159 248.616616 248.568418 248.569986 248.652873 248.541977 248.540624 248.521083 248.539052 248.521770 248.583021 248.572147 248.570780 248.485587 248.471141 248.452801 248.436273 248.408578 248.399686 248.423864 248.455337 248.459126 248.527419 248.601073 248.551596 248.500926 248.516821 248.534687 248.531032 248.544581 248.578319
249.120596 249.104472 249.055330 249.120308 249.128124 249.123492 249.238075 249.232312 249.186534 249.196728 249.215008 249.221996 249.206843 249.190788 249.167933 249.058217 249.021023 248.947786 248.879996 248.927457 248.837603 248.866866 248.764467 248.735583 248.708336 248.688224 248.675124 248.620263 248.613877 248.649794 248.618842 248.573631 248.619625 248.580845 248.599295 248.619233 248.654026 248.620003 248.645111 248.585808 248.540761 248.525498 248.480051 248.444506 248.433108 248.497049 248.518767 248.541313 248.599317 248.566569 248.549478 248.527772 248.546045 248.550875 248.598567 248.608330 248.607920
249.147221 249.139607 249.109436 249.147763 249.166187 249.121249 249.199966 249.225572 249.196449 249.239986 249.287771 249.223824 249.206880 249.219710 249.161422 249.112912 249.059026 248.914451 248.883700 248.908681 248.866195 248.827148 248.769623 248.762809 248.704085 248.703736 248.676115 248.669245 248.624776 248.626744 248.599683 248.610780 248.698668 248.628689 248.678373 248.722394 248.716163 248.748662 248.679523 248.660132 248.587878 248.569381 248.539080 248.518279 248.490714 248.538711 248.635412 248.579149 248.583551 248.610030 248.574604 248.595819 248.610974 248.589723 248.583478 248.581363 248.634491
249.178666 249.167949 249.189234 249.238279 249.201767 249.203353 249.234035 249.247099 249.168760 249.183177 249.247083 249.212108 249.210426 249.237202 249.152944 249.090733 249.048933 248.990511 248.945009 248.914246 248.855700 248.829858 248.812206 248.841492 248.685153 248.686171 248.696224 248.650003 248.658626 248.785897 248.666063 248.684091 248.703304 248.663596 248.747816 248.749805 248.758838 248.805345 248.740090 248.717034 248.710269 248.667616 248.614576 248.562494 248.567864 248.590037 248.649225 248.586159 248.627179 248.637813 248.612333 248.629278 248.625279 248.615811 248.626490 248.669973 248.663439
249.204818 249.208270 249.217569 249.222918 249.222688 249.205809 249.240335 249.248588 249.198265 249.211877 249.221160 249.199215 249.184875 249.199068 249.156466 249.085297 249.024144 248.940330 248.947425 248.908328 248.881548 248.845195 248.829811 248.793304 248.737877 248.731272 248.716806 248.681269 248.636160 248.690529 248.713527 248.680319 248.767991 248.758542 248.764909 248.800946 248.824054 248.836386 248.817096 248.810212 248.869505 248.731239 248.671968 248.607032 248.608744 248.682198 248.671984 248.666092 248.692939 248.681856 248.677629 248.669028 248.661186 248.672643 248.682473 248.685648 248.688462
249.231607 249.204391 249.222631 249.259909 249.222416 249.213423 249.215924 249.293870 249.194885 249.187505 249.232744 249.175543 249.157801 249.163551 249.088933 248.974335 249.031425 248.935304 248.904580 248.921253 248.890446 248.854898 248.831069 248.882802 248.759519 248.722864 248.691721 248.655687 248.690612 248.729270 248.761247 248.746903 248.796484 248.782375 248.813511 248.855623 248.836052 248.874135 248.899023 248.854232 248.802351 248.865878 248.726792 248.687036 248.670320 248.684406 248.700274 248.709978 248.716941 248.683490 248.703865 248.728530 248.718158 248.697670 248.729023 248.662064 248.717418
249.253224 249.227790 249.211659 249.239999 249.275514 249.200927 249.232975 249.230929 249.199246 249.191481 249.137107 249.169996 249.125369 249.109114 249.052587 249.017136 249.011103 248.951692 248.933491 248.934477 248.884879 248.852620 248.825833 248.824504 248.743531 248.694207 248.743927 248.719353 248.729966 248.783858 248.873103 248.779962 248.885189 248.889080 248.937554 248.833610 248.933118 248.890167 248.935453 248.881762 248.854718 248.811698 248.828903 248.752773 248.736857 248.792824 248.758073 248.754679 248.730655 248.730734 248.765521 248.770775 248.779074 248.737850 248.746612 248.744100 248.783343
249.287337 249.262151 249.246993 249.278570 249.315849 249.219372 249.251667 249.239278 249.218134 249.133917 249.133343 249.130965 249.120622 249.088182 249.042477 248.980439 248.978541 248.933632 248.926885 248.915405 248.915301 248.847126 248.820028 248.816640 248.757387 248.792692 248.747357 248.752842 248.789183 248.813166 248.845862 248.857080 248.898309 248.899543 248.989269 248.999163 248.957392 248.966214 248.965526 249.009924 248.910331 248.892710 248.826398 248.790207 248.766456 248.802897 248.825236 248.852550 248.826523 248.788722 248.824855 248.842472 248.744348 248.771842 248.804330 248.739084 248.774706
249.321081 249.354494 249.265546 249.245798 249.234451 249.218441 249.279612 249.205762 249.165029 249.121277 249.101102 249.015561 249.059563 249.039994 249.028335 248.973770 248.935107 248.910721 248.883677 248.909149 248.887829 248.841033 248.805129 248.827949 248.813719 248.755443 248.790380 248.765660 248.800240 248.820926 248.870642 248.887105 248.955634 248.970691 248.972040 249.008185 249.024056 249.027843 249.010954 249.065976 249.049040 248.947456 248.936282 248.850452 248.816293 248.883999 248.886993 248.877229 248.908570 248.864270 248.927813 248.842854 248.852483 248.821666 248.910269 248.791237 248.876720
249.346531 249.332608 249.293082 249.291275 249.284730 249.219935 249.265804 249.204706 249.139525 249.097570 249.080345 249.031629 249.031975 249.019254 248.963826 248.955965 248.931487 248.869548 248.895341 248.899683 248.899788 248.828775 248.770247 248.842624 248.820864 248.770773 248.812947 248.820706 248.792163 248.857895 248.925769 248.923257 248.949965 249.008114 249.035543 249.079186 249.089672 249.076442 249.111459 249.048710 249.019072 249.035917 248.934688 248.879173 248.846336 248.926499 248.915817 248.915306 248.945183 248.915470 248.921027 248.915440 248.887623 248.887646 248.886952 248.897033 248.931807
249.387486 249.390781 249.323271 249.348662 249.293742 249.236144 249.269120 249.252200 249.181025 249.139950 249.011866 249.053714 249.046741 248.987898 248.958054 249.010304 248.913524 248.880630 248.904691 248.846808 248.857572 248.840344 248.857775 248.828069 248.827961 248.808279 248.809795 248.833096 248.890166 248.977306 248.946670 248.961711 248.970002 249.039743 249.070670 249.127273 249.152031 249.147178 249.140201 249.121581 249.077547 249.063435 249.020796 248.983079 248.926105 248.965607 248.976852 248.984078 248.988429 248.978018 248.954519 248.973296 248.976933 248.969403 248.976849 248.961666 248.997758
249.416653 249.418255 249.415728 249.350005 249.319566 249.268862 249.256742 249.219281 249.143071 249.102202 249.065562 249.034065 249.028316 248.988115 248.929545 248.948569 248.905502 248.867899 248.878064 248.883510 248.921971 248.873811 248.868291 248.855012 248.836464 248.829782 248.877624 248.892512 248.936764 248.956442 248.982515 249.007475 249.045351 249.082528 249.122278 249.144064 249.211280 249.217609 249.247409 249.167241 249.147568 249.115179 249.119846 249.050652 248.976680 249.032756 249.024330 249.017514 249.026520 249.019505 249.009121 249.074933 249.027873 249.030393 249.032103 249.037194 249.007416
249.447250 249.447942 249.400979 249.392496 249.331702 249.270374 249.236235 249.197356 249.195840 249.109481 249.072724 249.027814 249.015854 249.059224 248.987553 248.959993 248.935348 248.891650 248.857159 248.905445 248.839676 248.864812 248.893669 248.886847 248.882704 248.848668 248.897287 248.939209 248.934714 248.950826 249.046734 249.071305 249.076154 249.109470 249.179996 249.248832 249.317597 249.234686 249.250331 249.228639 249.199780 249.168554 249.150115 249.097497 249.018740 249.077279 249.085131 249.055302 249.061510 249.076820 249.058360 249.114244 249.126999 249.054908 249.092017 249.095337 249.065805
249.471094 249.479495 249.431449 249.381378 249.376396 249.309318 249.223846 249.202071 249.156716 249.123352 249.182503 249.048652 248.999031 249.016872 248.952464 248.900146 248.927029 248.889855 248.886827 248.891522 248.874987 248.878596 248.896788 248.881833 248.887443 248.906030 248.925405 248.971413 248.972587 248.997858 249.081171 249.115954 249.125228 249.175603 249.180279 249.235142 249.316299 249.216516 249.339736 249.368094 249.287456 249.280066 249.250723 249.133127 249.107115 249.205191 249.163202 249.111954 249.124691 249.118431 249.119714 249.124931 249.137469 249.126121 249.138166 249.116742 249.062681
249.491961 249.489664 249.446826 249.419841 249.362442 249.324068 249.265240 249.252702 249.162516 249.117620 249.068401 249.032787 249.022500 248.992987 248.934629 248.939535 248.938566 248.876350 248.923508 248.898806 248.875125 248.844143 248.881656 248.917919 248.870256 248.859657 248.963994 248.998069 249.025027 249.068966 249.093635 249.146758 249.207704 249.240572 249.168780 249.323196 249.329995 249.363271 249.359562 249.425084 249.306400 249.313957 249.263730 249.196794 249.149893 249.174782 249.175279 249.158944 249.221346 249.179561 249.116365 249.213606 249.172825 249.106713 249.169977 249.158119 249.189398
249.515791 249.546384 249.513749 249.447119 249.373800 249.319715 249.265186 249.190544 249.159617 249.178991 249.078370 249.033659 249.016818 248.981036 249.011009 248.956944 248.956879 248.881118 248.898143 248.884385 248.890383 248.922963 248.899304 248.917460 248.916057 248.978185 249.006623 248.997790 249.038546 249.085291 249.121815 249.178356 249.211365 249.276703 249.263419 249.317614 249.374836 249.364016 249.369401 249.437476 249.374060 249.376531 249.351053 249.255235 249.218364 249.234091 249.166618 249.135863 249.207750 249.231651 249.179996 249.171381 249.229523 249.197637 249.181836 249.185707 249.161469
249.529463 249.550438 249.481086 249.443527 249.365197 249.305668 249.306022 249.213064 249.174785 249.117101 249.129870 249.033234 249.039878 249.028168 249.026427 248.997730 248.956897 248.929955 248.928158 248.949769 248.907789 248.941975 248.986749 248.928518 248.947145 248.977388 249.000167 249.054760 249.073257 249.105061 249.169318 249.217622 249.273900 249.287251 249.303820 249.365862 249.428522 249.430253 249.423383 249.446611 249.384078 249.383333 249.353125 249.321924 249.247793 249.254344 249.251894 249.208676 249.110033 249.160175 249.192610 249.200344 249.262402 249.248231 249.206262 249.216251 249.189983
249.536689 249.537435 249.500652 249.544271 249.358294 249.310485 249.289772 249.242456 249.190492 249.210623 249.078144 249.067590 249.066506 249.064283 249.068696 248.972117 248.974181 248.947610 248.941004 248.953683 248.939472 249.019985 248.945893 248.913597 248.942189 248.944478 249.041135 249.076652 249.120102 249.091836 249.200342 249.256866 249.290687 249.300226 249.304749 249.387952 249.446044 249.449463 249.473380 249.449217 249.421091 249.381362 249.368760 249.306587 249.240204 249.289263 249.289053 249.268407 249.256212 249.252306 249.246461 249.279570 249.235773 249.262591 249.289857 249.273372 249.252688
249.542231 249.529080 249.535189 249.515765 249.370350 249.365384 249.320290 249.222966 249.192433 249.175646 249.107205 249.058173 249.041976 248.956664 249.035094 249.001677 248.991197 248.947799 248.934482 248.970220 248.917068 248.958070 248.937998 248.948675 248.999470 249.102553 249.078245 249.122309 249.149459 249.160313 249.220796 249.279810 249.300201 249.333081 249.338553 249.388999 249.429846 249.467522 249.460062 249.488696 249.384382 249.446321 249.417707 249.350959 249.296992 249.324619 249.318913 249.292321 249.277030 249.367612 249.285225 249.311242 249.366572 249.297321 249.309330 249.299546 249.280474
249.536267 249.522733 249.523298 249.480027 249.431021 249.325925 249.329878 249.203875 249.192905 249.143769 249.059829 248.993859 249.049820 248.985233 249.010983 249.042227 248.972658 248.986624 249.006468 248.988151 248.953467 248.983363 248.977214 248.971794 249.022119 249.081810 249.121215 249.123529 249.219958 249.195644 249.270036 249.306361 249.332378 249.340999 249.400787 249.460726 249.489539 249.520077 249.530383 249.554627 249.530100 249.529959 249.466956 249.398885 249.331926 249.391214 249.362485 249.360850 249.330433 249.349146 249.359814 249.327058 249.373287 249.330816 249.319854 249.347239 249.344091
249.531316 249.549684 249.506876 249.465373 249.361975 249.253870 249.312043 249.250823 249.177326 249.187345 249.106224 249.043793 249.057325 249.056633 249.030484 249.004834 248.999513 248.950042 248.999481 249.038830 248.964600 249.001101 249.010914 249.004989 249.036538 249.016904 249.137724 249.146705 249.178030 249.245208 249.308850 249.302243 249.384346 249.402566 249.459560 249.482408 249.520137 249.543773 249.600790 249.598852 249.552526 249.514524 249.491776 249.443924 249.428862 249.416820 249.419035 249.396476 249.403206 249.370103 249.321814 249.387676 249.410209 249.392260 249.326038 249.343947 249.324007
249.528568 249.526663 249.502064 249.492347 249.367858 249.286004 249.285064 249.209627 249.122579 249.178927 249.142245 249.041684 249.066279 249.096621 249.037174 249.020440 248.990643 248.984545 249.043058 249.054101 248.997534 249.035359 249.014225 249.019926 249.069003 249.113527 249.142523 249.158205 249.204098 249.270879 249.343928 249.351436 249.396873 249.462823 249.457453 249.475700 249.512835 249.559391 249.621478 249.601120 249.600067 249.521925 249.502358 249.483563 249.432039 249.435205 249.425504 249.415957 249.396633 249.413245 249.368291 249.370446 249.385931 249.370447 249.357322 249.360587 249.332472
