WatershedDelineationTool/assets/Test3.asc
ncols 284
nrows 299
xllcorner 567465.000000
yllcorner 4536291.000000
cellsize 3.000000
NODATA_value -9999
[rows 150 to 174 of 299, columns 114 to 170 of 284]
249.123525 249.132560 249.193914 249.019464 249.189704 249.201628 249.168623 249.164458 249.158276 249.071401 248.963553 248.904155 248.802336 248.767590 248.720364 248.606794 248.565527 248.500923 248.456852 248.501184 248.296252 248.200002 248.162953 248.062572 248.010133 247.960348 247.910094 247.886132 247.880089 247.880806 247.870144 247.919333 248.100370 248.257871 248.359379 248.306723 248.399394 248.463332 248.514173 248.550681 248.709120 248.776998 248.753948 248.846335 248.849019 248.803652 248.867386 248.810175 248.885862 248.929538 248.904625 248.845773 248.889728 248.829824 248.794721 248.800940 248.732505
249.112915 249.160325 249.187939 249.180297 249.217032 249.228051 249.180141 249.226129 249.110405 249.016221 248.931914 248.931880 248.785561 248.758177 248.685248 248.607678 248.570622 248.454005 248.395519 248.342621 248.266074 248.199015 248.169206 248.149724 248.039931 248.034847 247.949301 247.931864 247.954859 247.906822 247.914166 247.977233 248.123315 248.215569 248.368646 248.390822 248.454676 248.486786 248.537274 248.590346 248.730358 248.760094 248.794812 248.904490 248.882413 248.924563 248.954143 248.880248 248.919771 248.926220 248.954897 248.910512 248.909477 248.899362 248.828412 248.755080 248.782774
249.165185 249.200496 249.222462 249.201119 249.237146 249.232465 249.268678 249.220659 249.118711 249.022943 248.975030 248.879958 248.795609 248.712547 248.683880 248.623338 248.599215 248.505872 248.431463 248.374246 248.261976 248.189488 248.219538 248.109926 248.059978 248.039998 247.956426 247.957014 247.961091 247.926123 247.965280 247.996254 248.156786 248.292110 248.417827 248.438543 248.475805 248.567014 248.574576 248.625785 248.755106 248.789250 248.862406 248.946161 248.934902 248.920584 248.968248 248.850990 248.930370 248.990693 248.963370 248.924769 248.902316 248.901485 248.803230 248.871267 248.849271
249.184428 249.202909 249.272375 249.209567 249.220871 249.242651 249.262323 249.248444 249.185662 249.116100 248.992532 248.884457 248.804079 248.690447 248.638516 248.597679 248.582209 248.465997 248.448866 248.429009 248.320492 248.253832 248.212017 248.115690 248.062025 248.149496 248.012396 248.002772 248.028205 247.956792 247.988037 248.038014 248.162615 248.351216 248.515534 248.468605 248.514236 248.595859 248.593491 248.663706 248.806232 248.840303 248.891116 248.957226 249.005137 248.976228 249.071233 248.934933 248.982146 249.035248 248.999970 248.960113 248.949227 248.902799 248.870184 248.851553 248.846315
249.172265 249.229526 249.257299 249.250118 249.278527 249.290429 249.221225 249.254668 249.137114 249.080818 249.013914 248.951116 248.814827 248.709533 248.624118 248.619311 248.591017 248.466108 248.463338 248.396766 248.282055 248.250040 248.247994 248.117308 248.111377 248.107444 248.055950 248.031772 248.065351 247.988453 248.007087 248.091531 248.126176 248.399976 248.554342 248.506742 248.575468 248.673622 248.628839 248.739975 248.844133 248.886521 248.936040 249.020484 249.027966 248.995268 249.039338 248.998985 248.994282 249.014556 249.020845 248.925789 248.970059 248.921932 248.882505 248.889752 248.850165
249.224252 249.261448 249.272226 249.269317 249.271343 249.258423 249.238931 249.277561 249.201267 249.082190 249.057735 248.896467 248.802115 248.758685 248.591646 248.589980 248.549839 248.470247 248.428008 248.329588 248.322489 248.260828 248.239973 248.158370 248.151896 248.120809 248.042673 248.059297 248.099605 248.000592 248.058935 248.153795 248.259329 248.446950 248.569689 248.507426 248.609583 248.666477 248.653684 248.734183 248.859596 248.894285 248.957702 249.038073 249.093449 249.053662 249.049895 249.015048 249.059048 249.085754 249.002096 248.993322 248.995172 249.027050 248.964215 248.910637 248.897808
249.258726 249.299847 249.281576 249.288559 249.304255 249.306968 249.242935 249.256597 249.159304 249.061893 248.968356 248.879420 248.787038 248.689406 248.613924 248.532168 248.495946 248.436729 248.422938 248.305610 248.278266 248.263905 248.248694 248.181475 248.205345 248.173158 248.128470 248.143272 248.159584 248.038989 248.093502 248.181808 248.265562 248.496191 248.596228 248.516328 248.615656 248.651525 248.709720 248.801181 248.913093 248.955735 249.022468 249.062663 249.063310 249.108377 249.072103 249.024097 249.079073 249.098057 249.042276 249.066176 249.021752 249.022036 248.989081 248.923116 248.977428
249.285671 249.327748 249.314718 249.267528 249.260908 249.284208 249.202916 249.227170 249.121701 249.015381 248.949193 248.888750 248.736299 248.663965 248.581377 248.569242 248.516771 248.509420 248.408800 248.354847 248.292748 248.270374 248.253535 248.267047 248.196389 248.173218 248.148737 248.123580 248.141567 248.079485 248.091789 248.181808 248.292068 248.501193 248.621693 248.560997 248.654651 248.696977 248.739542 248.829130 248.956170 249.010575 249.082669 249.113521 249.103035 249.161881 249.129400 249.029177 249.086159 249.131284 249.082687 249.055154 249.028432 248.978937 248.973158 248.926707 248.907449
249.276955 249.326006 249.319385 249.294602 249.278942 249.248350 249.266856 249.226874 249.190052 249.073023 249.010827 248.812153 248.743819 248.666395 248.512310 248.565670 248.438500 248.455854 248.407407 248.364854 248.359649 248.287208 248.228222 248.228222 248.229197 248.192270 248.154480 248.176050 248.198038 248.115812 248.116037 248.194234 248.290001 248.543006 248.641112 248.641772 248.718782 248.778756 248.774813 248.892291 248.996766 249.044132 249.128398 249.169716 249.144339 249.188260 249.160859 249.128472 249.140725 249.211180 249.108003 249.068601 249.047083 249.026294 249.006600 248.959268 248.914321
249.301988 249.340246 249.339003 249.308885 249.313555 249.261316 249.276793 249.327326 249.123056 249.087714 248.935487 248.824438 248.732846 248.649618 248.580054 248.545214 248.523334 248.450099 248.428280 248.436311 248.277522 248.334625 248.285659 248.308205 248.340829 248.316676 248.226377 248.253897 248.244792 248.146081 248.134505 248.236946 248.352570 248.679301 248.661819 248.655158 248.746095 248.816198 248.820396 248.955695 249.041441 249.074266 249.176514 249.233988 249.211480 249.231178 249.214956 249.159499 249.196601 249.190562 249.127423 249.160726 249.126907 249.013969 249.031047 248.998140 248.971078
249.306847 249.357072 249.353515 249.317505 249.307264 249.298893 249.284229 249.315698 249.178370 249.064196 248.970991 248.843674 248.760802 248.643369 248.602966 248.583940 248.549832 248.519523 248.413516 248.400512 248.323122 248.376376 248.357047 248.388144 248.351449 248.307757 248.259829 248.277260 248.260790 248.176050 248.246787 248.264641 248.386937 248.657371 248.709685 248.670663 248.782229 248.880582 248.900111 248.995405 249.136511 249.133838 249.218891 249.270741 249.243186 249.275621 249.238303 249.188540 249.230790 249.232950 249.190110 249.129871 249.075708 249.042006 249.065923 249.016961 249.011097
249.295948 249.335412 249.341490 249.330214 249.316964 249.348862 249.289206 249.292198 249.206839 249.073135 249.073728 248.866519 248.819039 248.712434 248.644499 248.644852 248.606195 248.539339 248.476932 248.468765 248.397366 248.421026 248.428888 248.394559 248.388523 248.334683 248.290505 248.297568 248.276398 248.230081 248.271248 248.299718 248.404424 248.728604 248.743314 248.738227 248.837124 248.954836 248.916225 249.060051 249.167578 249.197911 249.305014 249.320014 249.293632 249.309716 249.259834 249.225064 249.260954 249.245419 249.211239 249.175178 249.090520 249.060442 249.072241 249.034279 249.033240
249.313179 249.338081 249.353574 249.260444 249.315196 249.348761 249.320204 249.300390 249.218353 249.120717 249.041611 248.879870 248.835202 248.744968 248.719364 248.656967 248.649943 248.587607 248.528345 248.478829 248.425515 248.431596 248.422698 248.420579 248.426457 248.415254 248.391706 248.371937 248.346231 248.282989 248.311740 248.339525 248.437452 248.723715 248.756386 248.764503 248.837052 248.880814 249.017961 249.103743 249.181256 249.240021 249.336265 249.351334 249.364994 249.352567 249.285079 249.273452 249.272272 249.281065 249.210329 249.212017 249.154577 249.136336 249.096045 249.053231 249.083142
249.334396 249.357900 249.367160 249.336270 249.326095 249.347473 249.347900 249.347984 249.201246 249.165966 249.033836 248.942578 248.895403 248.678653 248.644600 248.669256 248.640585 248.591601 248.605704 248.577265 248.464854 248.490437 248.462629 248.476633 248.466072 248.443889 248.395611 248.421268 248.383325 248.321575 248.303064 248.375310 248.504352 248.751077 248.811682 248.735329 248.881094 248.961292 249.048517 249.153319 249.300697 249.289528 249.378385 249.389717 249.398353 249.436935 249.374752 249.297158 249.313616 249.311810 249.252472 249.170585 249.196019 249.150744 249.128437 249.061874 249.048949
249.341763 249.356989 249.343909 249.373443 249.344965 249.356457 249.281374 249.306019 249.230109 249.130099 249.026316 248.955048 248.906921 248.765422 248.747157 248.754941 248.707841 248.652367 248.668311 248.593340 248.524420 248.534404 248.513677 248.606164 248.523901 248.467275 248.425726 248.425788 248.412796 248.382858 248.363674 248.388030 248.406504 248.750745 248.820680 248.842878 248.942549 248.999671 249.031446 249.103344 249.267575 249.286843 249.359536 249.413698 249.386612 249.488082 249.365635 249.333013 249.370414 249.365504 249.269909 249.257797 249.274430 249.216108 249.211444 249.110664 249.143422
249.351353 249.356714 249.344604 249.343213 249.269414 249.348460 249.326677 249.297789 249.283039 249.116466 249.067542 249.006815 248.897959 248.856176 248.799025 248.745381 248.703441 248.712534 248.653480 248.635863 248.603704 248.535133 248.553480 248.578325 248.562317 248.539981 248.456622 248.506026 248.446556 248.417937 248.392790 248.405576 248.424524 248.764740 248.831372 248.843468 248.962249 249.075708 249.122922 249.189264 249.289940 249.303631 249.350119 249.416079 249.423076 249.419243 249.362510 249.329218 249.385331 249.377810 249.291035 249.337770 249.308436 249.228840 249.199019 249.184633 249.188483
249.341498 249.362190 249.318191 249.327605 249.329756 249.332452 249.339026 249.293805 249.235089 249.120038 249.080777 249.007697 248.944480 248.765464 248.828982 248.778221 248.757745 248.743081 248.718520 248.682777 248.667529 248.621268 248.607833 248.609618 248.632208 248.577011 248.504395 248.522545 248.499414 248.424313 248.424066 248.462465 248.565278 248.818986 248.868369 248.851774 248.914846 249.026923 249.110871 249.168247 249.281852 249.362989 249.408864 249.429487 249.459926 249.449238 249.378439 249.371380 249.414857 249.412804 249.372120 249.319048 249.270071 249.263502 249.233862 249.247622 249.222974
249.315232 249.343547 249.350245 249.340208 249.321528 249.287677 249.273879 249.252881 249.189437 249.138630 249.082063 249.035637 248.930560 248.884618 248.833179 248.816163 248.751522 248.790611 248.756830 248.734102 248.699780 248.682100 248.639754 248.641536 248.647484 248.601601 248.552792 248.569884 248.530085 248.477561 248.461777 248.462130 248.540014 248.859963 248.897059 248.908480 248.981040 249.059647 249.178096 249.207947 249.327520 249.375005 249.541944 249.451954 249.458081 249.445695 249.417988 249.378736 249.417099 249.405740 249.336125 249.342726 249.308351 249.269804 249.258981 249.190091 249.217018
249.317382 249.335477 249.334536 249.320931 249.292701 249.289999 249.264211 249.250673 249.204055 249.149649 249.091184 249.025728 248.983604 248.894110 248.864794 248.838786 248.853590 248.828134 248.795646 248.775241 248.756586 248.700297 248.693722 248.692012 248.648771 248.640116 248.609830 248.546332 248.539778 248.514502 248.468505 248.499978 248.669997 248.874863 248.941716 248.966544 249.023352 249.117353 249.205790 249.234226 249.334740 249.396760 249.458393 249.489987 249.465668 249.443324 249.410452 249.367160 249.383138 249.425981 249.378555 249.379576 249.358294 249.286711 249.274356 249.236218 249.232841
249.326401 249.329302 249.369863 249.282498 249.286882 249.251359 249.246886 249.236770 249.250216 249.144971 249.076240 249.033163 248.981845 248.893344 248.927548 248.827427 248.877890 248.862731 248.820127 248.867215 248.842233 248.764460 248.756821 248.715211 248.707441 248.699726 248.608491 248.589236 248.604226 248.530322 248.544105 248.571896 248.686519 248.886450 248.928974 248.984811 249.027796 249.089489 249.166876 249.236296 249.309686 249.438982 249.442777 249.487816 249.518788 249.510783 249.411517 249.430630 249.448485 249.434239 249.351529 249.336224 249.368605 249.319852 249.309840 249.295792 249.248806
249.345410 249.336909 249.319013 249.280626 249.253496 249.227482 249.252763 249.229877 249.195167 249.135838 249.109178 249.016408 249.036761 248.976784 248.940537 248.936304 248.943882 248.924980 248.919463 248.915800 248.852798 248.837270 248.859840 248.759848 248.702287 248.699461 248.629498 248.626627 248.621143 248.591461 248.606464 248.630107 248.718970 248.938109 248.958210 248.987981 249.063869 249.081814 249.212004 249.254832 249.282841 249.411058 249.503944 249.476693 249.540073 249.512775 249.461517 249.457507 249.496382 249.479839 249.459082 249.387193 249.402511 249.427428 249.330471 249.255469 249.247313
249.368521 249.335560 249.323998 249.288297 249.252124 249.220816 249.213769 249.204226 249.185614 249.137794 249.160080 249.056720 249.027901 249.003873 248.965796 248.978518 248.983511 248.923500 248.961596 248.921762 248.894140 248.826660 248.819823 248.723884 248.712210 248.674788 248.621967 248.651411 248.672881 248.620731 248.657893 248.673422 248.813265 248.953277 249.040712 249.067101 249.158782 249.170619 249.174149 249.280698 249.352702 249.459252 249.530050 249.512518 249.522124 249.520299 249.515275 249.453502 249.508199 249.542352 249.457750 249.424560 249.348740 249.385758 249.351185 249.317515 249.279165
249.341292 249.346659 249.323763 249.279902 249.230271 249.193200 249.191493 249.179521 249.161783 249.137435 249.107424 249.066515 249.054212 248.988302 248.970554 248.941953 248.986261 248.968184 248.947555 248.947360 248.855028 248.864002 248.822345 248.751041 248.800008 248.700341 248.654134 248.685312 248.668366 248.671588 248.725289 248.750051 248.835917 248.990707 249.119358 249.137319 249.135605 249.273908 249.264060 249.324471 249.433256 249.422692 249.508073 249.547521 249.549984 249.548122 249.489065 249.537046 249.537944 249.534866 249.509154 249.462652 249.440047 249.408893 249.411454 249.363749 249.440310
249.327128 249.344770 249.313003 249.256796 249.235874 249.188841 249.157879 249.169958 249.142817 248.993705 249.074250 249.041672 249.056874 248.951472 248.916186 248.945183 248.985029 248.957492 248.939967 248.919005 248.875902 248.843673 248.847636 248.755166 248.710281 248.708254 248.703179 248.764551 248.770368 248.773398 248.813002 248.867821 248.965962 249.062647 249.144268 249.194577 249.221701 249.261538 249.335250 249.340249 249.437667 249.494312 249.552317 249.588067 249.534435 249.612800 249.558011 249.542682 249.586195 249.593375 249.570776 249.492296 249.506048 249.431303 249.438642 249.399891 249.373030
249.297004 249.298306 249.265324 249.225481 249.198429 249.150283 249.139069 249.118137 249.103348 249.054689 249.037911 249.022088 248.999628 248.931034 248.910795 248.931956 248.926716 248.982306 249.012682 248.937902 248.848612 248.849752 248.839003 248.703907 248.757349 248.745757 248.763549 248.822546 248.919681 248.827908 248.882035 248.968612 249.058220 249.131140 249.187005 249.211157 249.263205 249.297537 249.376002 249.399384 249.478536 249.534957 249.601506 249.654088 249.620590 249.616051 249.615081 249.595129 249.680060 249.616798 249.561871 249.533333 249.516785 249.506988 249.504709 249.448228 249.409008
