WatershedDelineationTool/assets/Test3.asc
ncols 284
nrows 299
xllcorner 567465.000000
yllcorner 4536291.000000
cellsize 3.000000
NODATA_value -9999
[rows 75 to 99 of 299, columns 114 to 170 of 284]
247.435900 247.410782 247.416288 247.404779 247.381720 247.464384 247.573244 247.624821 247.714195 247.701095 247.624357 247.520137 247.505318 247.531698 247.615093 247.562206 247.564359 247.583106 247.516974 247.531390 247.459011 247.457896 247.410276 247.398819 247.376653 247.435793 247.386464 247.412108 247.364416 247.362732 247.332838 247.316043 247.321322 247.297855 247.295327 247.268925 247.234281 247.216768 247.148692 247.120360 247.128011 247.192961 247.168743 247.111037 247.153242 247.232333 247.077873 246.942083 247.123962 247.128489 247.111750 247.148762 247.179892 247.192965 247.227141 247.209986 247.249841
247.422422 247.454718 247.475003 247.489461 247.484818 247.505655 247.625034 247.630311 247.644927 247.633603 247.551688 247.530461 247.511749 247.550566 247.585476 247.476386 247.536507 247.536972 247.530520 247.516815 247.500032 247.470268 247.382539 247.369185 247.398772 247.497451 247.403236 247.389905 247.385449 247.363602 247.313415 247.314115 247.352608 247.343918 247.290924 247.300559 247.282944 247.270402 247.215111 247.169597 247.139828 247.149677 247.184833 247.141254 247.148006 247.178623 247.111326 247.084034 247.113546 247.127863 247.123819 247.215467 247.208409 247.190616 247.274433 247.297351 247.335748
247.324302 247.457844 247.533743 247.525124 247.511013 247.561644 247.561496 247.448574 247.594049 247.561761 247.515094 247.488032 247.494231 247.425534 247.541639 247.541356 247.539619 247.545267 247.541590 247.623642 247.539897 247.488402 247.427137 247.405998 247.408866 247.397345 247.373224 247.359777 247.362222 247.335027 247.353332 247.357877 247.317800 247.341823 247.353635 247.318928 247.298967 247.274115 247.208219 247.162222 247.152829 247.183488 247.241078 247.155532 247.177030 247.213189 247.137540 247.075924 247.169128 247.170162 247.183267 247.288860 247.243863 247.290881 247.338443 247.385554 247.394574
247.289897 247.338276 247.376557 247.383677 247.384786 247.389013 247.394691 247.428272 247.577575 247.555433 247.525823 247.547169 247.486203 247.471205 247.535304 247.537630 247.562849 247.331729 247.541037 247.579404 247.454457 247.448348 247.502595 247.393524 247.382458 247.303595 247.342365 247.332523 247.343276 247.387564 247.371567 247.333331 247.338948 247.382071 247.394978 247.351482 247.347183 247.278593 247.229866 247.181227 247.156811 247.217214 247.227840 247.189921 247.248512 247.238221 247.167995 247.143452 247.172945 247.201939 247.278161 247.311608 247.289254 247.319247 247.384007 247.432262 247.455635
247.302360 247.307398 247.296048 247.283102 247.336655 247.252651 247.319920 247.370776 247.413769 247.450031 247.437569 247.460597 247.514526 247.530385 247.597507 247.638094 247.621569 247.527585 247.540218 247.521031 247.492831 247.502001 247.545071 247.390763 247.298189 247.355551 247.334713 247.362855 247.388811 247.372382 247.317942 247.316754 247.369961 247.394228 247.403612 247.372603 247.373298 247.314592 247.258602 247.233016 247.194540 247.206233 247.248081 247.230834 247.243178 247.240204 247.108680 247.151487 247.211301 247.200630 247.255304 247.303320 247.307270 247.389165 247.428995 247.474924 247.543603
247.310087 247.300174 247.312919 247.248916 247.228031 247.230031 247.294028 247.303238 247.297916 247.301102 247.344984 247.361844 247.390039 247.404553 247.420817 247.532964 247.546026 247.583010 247.582458 247.564820 247.500362 247.490893 247.400786 247.357546 247.353032 247.295171 247.368623 247.345174 247.341574 247.344341 247.373491 247.353638 247.400000 247.426150 247.400834 247.387725 247.336355 247.283388 247.233813 247.222912 247.236766 247.214742 247.239352 247.193883 247.283928 247.232225 247.188906 247.189404 247.247928 247.249637 247.280130 247.359499 247.398990 247.436595 247.553887 247.530152 247.569705
247.328176 247.249987 247.281502 247.227971 247.250131 247.278715 247.290651 247.285995 247.235600 247.251253 247.270528 247.283721 247.310029 247.335858 247.329094 247.375914 247.401004 247.436990 247.431953 247.470037 247.451144 247.410556 247.375763 247.338346 247.355750 247.330865 247.356658 247.353103 247.307876 247.385622 247.388378 247.397189 247.415103 247.421424 247.443516 247.429677 247.333342 247.318564 247.259481 247.246156 247.266861 247.221905 247.284954 247.219425 247.260541 247.284566 247.252636 247.273577 247.235009 247.246933 247.324272 247.408253 247.371834 247.499023 247.554469 247.556055 247.633544
247.325237 247.307242 247.317043 247.263323 247.292720 247.256738 247.321996 247.190968 247.267824 247.271895 247.264331 247.259824 247.277712 247.301916 247.318206 247.266270 247.335710 247.315789 247.379890 247.404291 247.408358 247.341879 247.352304 247.352884 247.362194 247.352627 247.353412 247.384129 247.351837 247.426852 247.422191 247.432898 247.454425 247.506744 247.408939 247.450716 247.357534 247.310609 247.310474 247.264964 247.279310 247.254314 247.251134 247.239499 247.292603 247.252965 247.209297 247.234853 247.275858 247.245512 247.328516 247.392199 247.421450 247.494767 247.501920 247.556314 247.630816
247.312975 247.257343 247.272375 247.267378 247.254643 247.307388 247.302426 247.308201 247.312789 247.280254 247.293690 247.262032 247.266785 247.287561 247.329537 247.351906 247.374205 247.293651 247.317200 247.341197 247.361579 247.406528 247.468690 247.422484 247.408695 247.405090 247.363346 247.429532 247.443915 247.434478 247.451096 247.469891 247.480943 247.500101 247.471141 247.495027 247.400377 247.334869 247.312352 247.223889 247.259752 247.310020 247.260737 247.281034 247.343528 247.277655 247.252126 247.248562 247.235063 247.269871 247.337864 247.395617 247.459735 247.518604 247.542477 247.564678 247.651580
247.221629 247.270924 247.261294 247.271012 247.299614 247.324859 247.355735 247.330436 247.337663 247.228785 247.318743 247.288305 247.263477 247.284938 247.348466 247.340328 247.328947 247.360263 247.353910 247.328190 247.326542 247.427108 247.489098 247.453144 247.442549 247.482324 247.459021 247.459310 247.500017 247.450609 247.474670 247.548065 247.562548 247.500756 247.447594 247.453123 247.389216 247.365105 247.373291 247.219915 247.254304 247.286656 247.287835 247.307166 247.315760 247.279540 247.273609 247.272700 247.274505 247.301815 247.391638 247.336659 247.455342 247.500618 247.551296 247.572655 247.615188
247.183437 247.263047 247.254512 247.300795 247.304185 247.341710 247.399100 247.372104 247.419700 247.347022 247.341394 247.317961 247.302801 247.241545 247.266014 247.358072 247.405978 247.391587 247.395019 247.350274 247.389882 247.360319 247.415747 247.433728 247.473132 247.476185 247.430417 247.420819 247.444432 247.473926 247.470205 247.518962 247.589356 247.465763 247.454218 247.478789 247.348896 247.382620 247.397260 247.279428 247.330362 247.323238 247.301783 247.298855 247.341263 247.311856 247.272249 247.280416 247.274386 247.318024 247.387642 247.381835 247.423681 247.524268 247.485505 247.527468 247.605658
247.139650 247.198428 247.274442 247.308882 247.331678 247.371306 247.457454 247.432139 247.457893 247.386173 247.377003 247.403995 247.355793 247.353636 247.341350 247.369382 247.411593 247.341934 247.403108 247.337198 247.342978 247.385142 247.409254 247.430329 247.432822 247.481010 247.429718 247.444229 247.478932 247.486542 247.451490 247.585130 247.617706 247.487318 247.467321 247.459408 247.360824 247.399503 247.389716 247.310509 247.321372 247.322139 247.357419 247.320194 247.369072 247.340695 247.299836 247.288375 247.282357 247.319171 247.388952 247.389739 247.439178 247.491006 247.508001 247.543614 247.597883
247.096877 247.222263 247.269879 247.312885 247.351192 247.423848 247.400910 247.445333 247.433312 247.450849 247.446280 247.355915 247.354798 247.336667 247.394974 247.424953 247.467017 247.432660 247.434588 247.418122 247.383025 247.403442 247.438416 247.441173 247.499963 247.467758 247.445012 247.489773 247.451233 247.468147 247.432483 247.501042 247.552273 247.501080 247.457033 247.445356 247.400337 247.389193 247.494481 247.328562 247.323049 247.348267 247.323093 247.323745 247.320420 247.324297 247.320954 247.314535 247.280272 247.343908 247.377532 247.332356 247.434973 247.483628 247.500290 247.533119 247.563166
247.083768 247.192456 247.272895 247.306445 247.347083 247.400256 247.436469 247.451404 247.470946 247.471173 247.444986 247.390229 247.400032 247.406825 247.461202 247.391877 247.473720 247.487084 247.481791 247.433144 247.352424 247.369230 247.477068 247.445546 247.490883 247.496307 247.470114 247.495232 247.499556 247.498743 247.463157 247.511581 247.554362 247.498828 247.466271 247.429905 247.407144 247.384777 247.376326 247.419243 247.360976 247.392683 247.315343 247.340534 247.361257 247.353238 247.329446 247.321701 247.305876 247.333596 247.409738 247.378983 247.420657 247.430736 247.477896 247.534866 247.551013
247.094100 247.214730 247.290323 247.328125 247.400439 247.410428 247.460273 247.468701 247.523982 247.492273 247.542872 247.455951 247.462225 247.431406 247.465297 247.509882 247.501279 247.486399 247.499299 247.412972 247.436933 247.362749 247.448161 247.462642 247.486573 247.499717 247.451940 247.460417 247.504851 247.482429 247.432810 247.553566 247.535830 247.508569 247.479840 247.425891 247.356865 247.399461 247.391937 247.315987 247.370558 247.437605 247.356264 247.381658 247.379662 247.366713 247.381303 247.380324 247.352476 247.387589 247.440860 247.359799 247.386996 247.422281 247.441984 247.432002 247.491904
247.127386 247.205825 247.292327 247.342462 247.431747 247.466462 247.497805 247.536132 247.516279 247.543096 247.529995 247.576159 247.492921 247.501919 247.460145 247.513975 247.550832 247.484965 247.480693 247.484224 247.375623 247.445441 247.455824 247.508956 247.513962 247.547729 247.503790 247.494679 247.414298 247.514855 247.439599 247.568380 247.568697 247.490019 247.488171 247.499981 247.394433 247.415508 247.423813 247.383849 247.321756 247.387220 247.364399 247.390846 247.387776 247.351429 247.368726 247.365781 247.353325 247.431955 247.439188 247.394794 247.414886 247.411798 247.466943 247.459116 247.455567
247.112861 247.219947 247.300412 247.382301 247.458374 247.478405 247.513479 247.499052 247.550634 247.572154 247.596910 247.552497 247.531841 247.494746 247.509383 247.525959 247.566092 247.500373 247.527612 247.478171 247.440601 247.409246 247.473414 247.495571 247.507778 247.555782 247.500013 247.542517 247.512603 247.512826 247.507101 247.586803 247.616585 247.527903 247.507051 247.465462 247.452223 247.430102 247.411945 247.363570 247.372984 247.374069 247.323929 247.396992 247.420844 247.404942 247.387522 247.441544 247.411505 247.425720 247.424331 247.415750 247.434450 247.455701 247.504685 247.508306 247.443377
247.156715 247.232351 247.308994 247.399983 247.479549 247.535396 247.544337 247.593484 247.586440 247.550803 247.576038 247.618173 247.543001 247.527383 247.558302 247.552168 247.596166 247.545240 247.585032 247.503803 247.499843 247.529175 247.522056 247.531910 247.524099 247.601914 247.539870 247.554259 247.551380 247.546710 247.563852 247.570052 247.583991 247.499593 247.485538 247.481159 247.440429 247.448169 247.451518 247.322480 247.393365 247.448017 247.395053 247.452853 247.419513 247.414733 247.414741 247.421667 247.458198 247.424228 247.398300 247.447516 247.469721 247.453663 247.460030 247.542911 247.483640
247.158841 247.218469 247.244175 247.401106 247.503565 247.555616 247.580891 247.588209 247.633955 247.614923 247.607780 247.567376 247.555847 247.562347 247.557184 247.583156 247.584477 247.598169 247.561063 247.591046 247.549736 247.535748 247.533159 247.540174 247.608858 247.562646 247.543942 247.550369 247.594751 247.539758 247.543956 247.670273 247.667022 247.562138 247.529019 247.487014 247.457356 247.437243 247.452619 247.451950 247.393267 247.392831 247.397788 247.403522 247.427119 247.441857 247.407827 247.446796 247.465591 247.446578 247.474261 247.513775 247.491675 247.493683 247.493378 247.536203 247.478602
247.167138 247.236918 247.327633 247.434884 247.526412 247.599884 247.630833 247.679928 247.642246 247.624021 247.568829 247.623537 247.550888 247.566521 247.577296 247.594953 247.545255 247.541094 247.601082 247.563222 247.530250 247.560721 247.570442 247.577575 247.586597 247.672891 247.597499 247.606860 247.604748 247.578556 247.610832 247.665457 247.670309 247.560996 247.549503 247.537097 247.473240 247.472886 247.478181 247.390031 247.404114 247.385053 247.461950 247.427877 247.396272 247.431572 247.442451 247.437654 247.486289 247.473378 247.499589 247.558057 247.552448 247.531126 247.524056 247.574571 247.499633
247.329906 247.319526 247.389639 247.469636 247.551713 247.558343 247.642994 247.663192 247.658315 247.701361 247.602556 247.604187 247.622949 247.572151 247.605592 247.567349 247.621318 247.574420 247.639440 247.618395 247.558978 247.558241 247.607407 247.589673 247.584765 247.667081 247.573448 247.587535 247.600787 247.572970 247.598357 247.682938 247.749180 247.589313 247.570449 247.529589 247.501257 247.500376 247.466214 247.420090 247.442520 247.456945 247.501129 247.474241 247.495313 247.531292 247.477381 247.454052 247.517159 247.504500 247.505452 247.561581 247.569327 247.569971 247.575187 247.615983 247.544515
247.313193 247.370683 247.437630 247.460873 247.564436 247.600501 247.637813 247.730032 247.658916 247.648638 247.643953 247.510463 247.692762 247.606627 247.582208 247.626000 247.633543 247.654738 247.647760 247.625203 247.543810 247.504180 247.605540 247.607238 247.662411 247.679380 247.614999 247.649265 247.654852 247.614309 247.667041 247.695941 247.749468 247.613005 247.589099 247.578633 247.531073 247.558623 247.547158 247.488423 247.395382 247.494406 247.449398 247.434806 247.488140 247.494505 247.533474 247.513870 247.543771 247.535158 247.573248 247.583303 247.606933 247.611252 247.627215 247.667655 247.614821
247.412122 247.380685 247.494904 247.532025 247.579971 247.581344 247.670551 247.700280 247.685115 247.686895 247.662495 247.655949 247.644815 247.643644 247.562294 247.613319 247.633741 247.579378 247.674780 247.625340 247.571156 247.587824 247.615575 247.611084 247.664090 247.649123 247.625776 247.641318 247.677605 247.651786 247.683540 247.762309 247.753141 247.674162 247.621827 247.599371 247.493695 247.571170 247.588602 247.541143 247.475729 247.509253 247.491776 247.490013 247.506347 247.521192 247.489281 247.497628 247.573236 247.532758 247.590969 247.646516 247.638845 247.663608 247.683320 247.672438 247.667952
247.453282 247.494011 247.448509 247.567432 247.599388 247.661158 247.626829 247.712335 247.670004 247.671289 247.667804 247.675255 247.621180 247.610806 247.606531 247.619265 247.628044 247.598437 247.632737 247.575289 247.585366 247.538267 247.621847 247.657132 247.702511 247.675120 247.673775 247.609396 247.675500 247.670443 247.727254 247.794168 247.838391 247.723485 247.680054 247.661715 247.592947 247.590622 247.599969 247.557410 247.517964 247.536237 247.511754 247.503010 247.535857 247.507647 247.527282 247.492010 247.555613 247.609353 247.593859 247.655465 247.713281 247.729630 247.731345 247.737303 247.654010
247.515159 247.513763 247.541118 247.560322 247.619812 247.677465 247.685337 247.691953 247.676987 247.672112 247.635889 247.639996 247.630606 247.624847 247.640674 247.600801 247.667887 247.653169 247.647446 247.606194 247.601526 247.606575 247.632771 247.661404 247.682830 247.727224 247.686078 247.745980 247.747059 247.730512 247.716534 247.816102 247.860653 247.748799 247.718919 247.718723 247.635616 247.665049 247.656034 247.617645 247.632960 247.609658 247.581077 247.569424 247.555482 247.551210 247.504526 247.500193 247.592179 247.591493 247.646990 247.684763 247.711678 247.708471 247.794205 247.737780 247.707342
