WatershedDelineationTool/assets/Test4.asc
ncols 85
nrows 76
xllcorner 567975.000000
yllcorner 4536627.000000
cellsize 3.000000
NODATA_value -9999
[rows 25 to 49 of 76, columns 0 to 56 of 85]
248.261428 248.265780 248.241956 248.244809 248.221046 248.290827 248.232253 248.208983 248.198767 248.130158 248.126857 248.097278 248.109668 248.051264 248.075053 247.969354 247.978732 247.913205 247.908791 247.923796 247.921551 247.917774 247.759008 247.794514 247.813391 247.728843 247.726255 247.846023 247.718963 247.678696 247.705788 247.646519 247.575025 247.605461 247.600218 247.577861 247.595827 247.584283 247.504599 247.513170 247.564114 247.552948 247.625271 247.665939 247.682164 247.779264 247.874006 247.860104 247.951272 248.054794 248.042335 248.107153 248.238741 248.226755 248.260446 248.260964 248.271468
248.275068 248.254514 248.221574 248.232243 248.224979 248.201908 248.211328 248.215251 248.171855 248.130499 248.153422 248.149877 248.095114 248.059347 248.079236 248.031487 248.019667 247.956020 247.928383 247.943654 247.932592 247.906219 247.810667 247.827490 247.792495 247.747162 247.701200 247.731108 247.700698 247.680247 247.712263 247.657479 247.664604 247.622781 247.617832 247.601321 247.599807 247.567248 247.552491 247.567307 247.613846 247.567122 247.617954 247.726440 247.699376 247.791331 247.881521 247.924956 248.021399 248.107270 248.092808 248.182244 248.260079 248.337838 248.330790 248.353288 248.327352
248.304944 248.296644 248.277668 248.253972 248.278356 248.237199 248.213163 248.230977 248.195255 248.165700 248.162617 248.107715 248.080853 248.033158 248.039714 248.021064 247.993143 247.959579 247.960155 247.930975 247.950333 247.944518 247.880498 247.917939 247.843604 247.739345 247.711945 247.781085 247.738572 247.644693 247.699487 247.685231 247.644165 247.679626 247.637772 247.572874 247.612871 247.590353 247.566358 247.614009 247.621132 247.634366 247.676904 247.761100 247.812925 247.841976 247.950057 248.016390 248.060399 248.150093 248.166079 248.229219 248.317807 248.348322 248.327778 248.335927 248.325468
248.323400 248.312514 248.296301 248.282756 248.382025 248.254552 248.261355 248.218498 248.179498 248.160104 248.180491 248.144410 248.104681 248.115435 248.083965 248.059068 247.998650 247.988818 247.942049 247.955426 247.975369 247.977764 247.921240 247.891596 247.914846 247.788460 247.786544 247.825046 247.750084 247.677717 247.743870 247.669690 247.665691 247.610055 247.657336 247.604954 247.605428 247.631357 247.623871 247.625997 247.663308 247.662621 247.726451 247.820337 247.841599 247.873086 247.995517 248.064620 248.124601 248.214731 248.215862 248.269432 248.340513 248.313067 248.352615 248.352564 248.320560
248.342363 248.358367 248.287486 248.320353 248.290566 248.256312 248.240315 248.243021 248.205456 248.205785 248.202090 248.158051 248.159750 248.202232 248.114863 248.078904 248.132088 248.036285 248.014346 248.025076 248.022118 247.998856 247.920777 247.925020 247.906775 247.836893 247.819783 247.915364 247.861058 247.796973 247.788137 247.727111 247.683331 247.632519 247.646702 247.655922 247.646992 247.704728 247.627181 247.636070 247.667583 247.698236 247.758557 247.857038 247.854858 247.933138 248.049072 248.082100 248.114660 248.215691 248.210909 248.277679 248.333090 248.267364 248.309332 248.354609 248.290001
248.371890 248.387145 248.359939 248.311654 248.340646 248.284256 248.283454 248.326637 248.277671 248.236489 248.240958 248.179601 248.221015 248.149662 248.070377 248.110188 248.091281 248.014303 248.069956 248.039301 248.037534 248.023652 247.988030 247.928176 247.982554 247.899399 247.859952 247.876439 247.865997 247.849831 247.824988 247.805839 247.704120 247.679944 247.723329 247.660724 247.641437 247.607686 247.599357 247.631199 247.686482 247.686723 247.777830 247.867203 247.873675 247.924169 248.045733 248.076846 248.126939 248.178437 248.195359 248.245882 248.333828 248.285035 248.253760 248.305835 248.265659
248.413849 248.397499 248.347897 248.405843 248.403758 248.333409 248.351532 248.285499 248.272203 248.272096 248.298984 248.203309 248.218947 248.351173 248.194711 248.167452 248.149255 248.102071 248.166723 248.132841 248.079792 248.076114 248.016003 248.031948 248.034289 247.970151 247.914425 247.850165 247.888127 247.897488 247.878234 247.799565 247.780241 247.738928 247.700539 247.641853 247.669880 247.634840 247.621820 247.668452 247.709988 247.698264 247.729450 247.862362 247.845977 247.865369 248.009336 248.016960 248.132513 248.173269 248.200801 248.231506 248.310133 248.307051 248.298219 248.282067 248.262342
248.449672 248.419663 248.389313 248.438132 248.397560 248.399865 248.365823 248.360088 248.294509 248.294072 248.325144 248.251742 248.266296 248.305381 248.267701 248.215873 248.150475 248.144195 248.165442 248.158262 248.131570 248.089666 248.053945 248.076141 248.037031 247.987731 247.919180 247.937883 247.885804 247.889103 247.924040 247.764065 247.762690 247.749604 247.709817 247.624484 247.661701 247.653343 247.645599 247.649640 247.643799 247.671148 247.742841 247.802741 247.806486 247.918989 248.019860 248.021495 248.097891 248.181949 248.178741 248.176490 248.296261 248.279716 248.318584 248.294352 248.269924
248.504195 248.524360 248.444607 248.483453 248.412048 248.391126 248.397559 248.366320 248.368448 248.251730 248.330511 248.291265 248.379866 248.319307 248.246123 248.249365 248.254015 248.204945 248.209794 248.252208 248.124935 248.168046 248.124767 248.073862 248.101674 248.011592 247.981525 247.987904 247.986868 247.887656 247.915000 247.840958 247.779681 247.708633 247.692384 247.637282 247.636380 247.665507 247.636282 247.731079 247.668652 247.654769 247.728789 247.801344 247.700933 247.890273 247.955576 248.013400 248.078807 248.232242 248.181117 248.258555 248.286206 248.260244 248.231894 248.288787 248.272849
248.566414 248.592379 248.452472 248.490528 248.484298 248.367930 248.402858 248.459903 248.371259 248.342712 248.364769 248.361510 248.358487 248.387685 248.315050 248.253910 248.241523 248.217486 248.243444 248.234667 248.197350 248.204430 248.139411 248.127800 248.096257 248.089412 247.992806 248.040835 247.993819 247.925312 247.929400 247.840482 247.744409 247.759507 247.685467 247.664690 247.674054 247.646682 247.631329 247.688404 247.683154 247.680800 247.697893 247.819798 247.816085 247.902090 247.998747 248.021528 248.083151 248.185746 248.191617 248.243655 248.289334 248.252832 248.291710 248.305649 248.254997
248.558834 248.535074 248.497505 248.511061 248.487314 248.465888 248.491016 248.453140 248.383322 248.375544 248.384041 248.387013 248.394988 248.382729 248.299584 248.313854 248.298325 248.261276 248.277509 248.267168 248.228156 248.238464 248.188687 248.249068 248.160817 248.071158 248.056753 248.049190 247.996043 247.929939 247.917889 247.933759 247.794198 247.779626 247.733266 247.681140 247.695612 247.703850 247.676137 247.655205 247.730420 247.741052 247.760801 247.829256 247.835884 247.928439 248.019646 248.037715 248.085891 248.192243 248.193673 248.239558 248.285045 248.272883 248.266098 248.280084 248.244147
248.580587 248.548522 248.528977 248.564931 248.499519 248.462013 248.491793 248.478747 248.451497 248.428769 248.446169 248.343687 248.449414 248.524341 248.405802 248.404394 248.313659 248.286900 248.274780 248.336809 248.270491 248.297742 248.210084 248.189357 248.164181 248.108899 248.118122 248.082596 248.068025 247.999350 247.981228 247.913556 247.857860 247.824152 247.891701 247.693911 247.744823 247.784354 247.727137 247.737123 247.727945 247.752636 247.781979 247.837347 247.834738 247.911646 248.031499 248.014037 248.072510 248.134663 248.133990 248.249522 248.269952 248.239686 248.274781 248.329148 248.240466
248.604878 248.607042 248.580241 248.608364 248.557907 248.495075 248.554794 248.497771 248.482015 248.476014 248.552746 248.489645 248.516947 248.514959 248.488780 248.462435 248.326452 248.327479 248.358727 248.391088 248.340916 248.346800 248.284685 248.253089 248.254352 248.232168 248.128159 248.098451 248.080967 248.049533 248.042694 247.949489 247.890037 247.825268 247.886519 247.718670 247.751726 247.760564 247.771471 247.767001 247.752966 247.766323 247.809302 247.903238 247.859525 247.912467 247.985254 247.996940 248.024786 248.150801 248.170187 248.216876 248.272846 248.226960 248.291077 248.291140 248.240043
248.646755 248.637046 248.602769 248.576227 248.583057 248.562919 248.601301 248.583727 248.528050 248.553860 248.568597 248.586982 248.530003 248.576608 248.560000 248.525870 248.466656 248.468163 248.461945 248.445906 248.382459 248.382690 248.332437 248.331268 248.273975 248.206309 248.131846 248.136121 248.148069 248.053813 248.076609 248.085010 247.963717 247.900810 247.853844 247.724813 247.779586 247.821383 247.754085 247.771083 247.777218 247.776598 247.844530 247.900860 247.838767 247.910348 248.003881 248.040330 248.135683 248.199729 248.170546 248.194062 248.300543 248.234208 248.271281 248.285853 248.276200
248.677719 248.643203 248.649107 248.668969 248.612639 248.648079 248.656065 248.635376 248.639752 248.628586 248.666951 248.670729 248.654590 248.651224 248.659619 248.597148 248.633719 248.526599 248.532559 248.436007 248.439421 248.433268 248.405323 248.329508 248.320154 248.269861 248.217117 248.204601 248.179394 248.125853 248.123641 248.034828 247.947766 247.915737 247.925372 247.824113 247.840016 247.857191 247.795709 247.804301 247.793085 247.817471 247.865719 247.874745 247.840596 247.886289 248.019243 248.020706 248.079566 248.160471 248.150002 248.185282 248.248345 248.242371 248.286763 248.302184 248.279585
248.721318 248.703372 248.697106 248.620810 248.670052 248.720049 248.693145 248.707728 248.716875 248.756761 248.760496 248.739632 248.701740 248.709148 248.708047 248.674408 248.612138 248.563000 248.530056 248.538392 248.473819 248.489777 248.444977 248.417645 248.353323 248.327467 248.215345 248.272682 248.239401 248.146494 248.162456 248.138127 248.036770 247.999496 247.962900 247.895545 247.901718 247.909066 247.854630 247.900053 247.839915 247.836833 247.887669 247.941216 247.844071 247.925417 248.037615 248.061596 248.115962 248.200505 248.225927 248.256109 248.268841 248.299707 248.334590 248.303849 248.289084
248.763526 248.845245 248.786872 248.718953 248.715698 248.735044 248.756658 248.745318 248.832158 248.700886 248.787116 248.806134 248.807344 248.777424 248.769031 248.690117 248.665583 248.614983 248.591034 248.599227 248.543548 248.527950 248.447645 248.422448 248.429831 248.381911 248.259768 248.299128 248.275911 248.224636 248.162193 248.140392 248.069579 248.014082 247.991998 247.945792 247.958070 248.010777 247.872204 247.904780 247.903854 247.894235 247.936448 247.939992 247.922153 248.048598 248.062149 248.082488 248.115915 248.212440 248.225656 248.245426 248.296925 248.270331 248.374374 248.344940 248.388705
248.818467 248.747242 248.791680 248.751069 248.767295 248.805153 248.825540 248.802606 248.854661 248.816871 248.836072 248.859425 248.889964 248.884675 248.841852 248.776395 248.740675 248.712415 248.641621 248.608121 248.577594 248.530925 248.472094 248.432052 248.442410 248.416687 248.336562 248.312757 248.298156 248.255238 248.243243 248.177241 248.109857 248.132692 248.098000 248.018435 248.042039 248.024402 247.992287 247.978513 247.924491 247.932137 247.954049 247.949479 247.950215 248.050268 248.026578 248.099578 248.159647 248.243580 248.249477 248.255382 248.313623 248.333201 248.349424 248.367840 248.399557
248.840975 248.810210 248.807048 248.788246 248.804372 248.793738 248.836055 248.897521 248.880715 248.907641 248.913044 248.941326 248.912885 248.917250 248.869224 248.903604 248.760794 248.719106 248.666818 248.637006 248.624476 248.530973 248.549989 248.518969 248.443140 248.409191 248.403339 248.349088 248.314399 248.296145 248.279651 248.228054 248.163243 248.151187 248.103173 248.062245 248.103659 248.088905 248.042150 248.033292 247.997860 247.976871 248.043380 247.970547 247.986119 248.049496 248.168702 248.107266 248.195816 248.270796 248.270750 248.294923 248.426383 248.390904 248.394522 248.409280 248.448925
248.855543 248.856021 248.845087 248.811440 248.862654 248.854230 248.909501 248.883147 248.961516 248.907936 248.943386 248.990512 248.967568 248.919419 248.899813 248.854871 248.776900 248.724260 248.683750 248.683184 248.639834 248.599886 248.575404 248.521791 248.422010 248.474311 248.413632 248.385492 248.336234 248.330230 248.316443 248.249575 248.242207 248.180906 248.177783 248.129492 248.125441 248.198510 248.102273 248.085196 248.088125 248.025817 248.024732 248.039034 248.045485 248.020149 248.170225 248.175193 248.232054 248.278762 248.301620 248.295558 248.353720 248.395941 248.431965 248.429525 248.498613
248.872462 248.882821 248.857089 248.858949 248.913805 248.885963 248.945722 248.948126 248.924011 248.913573 248.970272 248.980251 248.949026 248.953507 248.959094 248.839527 248.816547 248.772128 248.691322 248.693016 248.659416 248.591314 248.589902 248.530802 248.446192 248.394070 248.449923 248.410069 248.367102 248.350190 248.364699 248.291108 248.247725 248.198069 248.244286 248.215815 248.206981 248.159959 248.185176 248.185607 248.122761 248.105628 248.064638 248.058981 248.037932 248.124490 248.181891 248.198146 248.250694 248.298501 248.306957 248.309477 248.365167 248.418726 248.459561 248.432918 248.496942
248.890704 248.909748 248.858485 248.890199 248.903072 248.924380 248.947998 248.993611 248.974904 249.013581 249.025275 249.004423 248.922615 248.969300 248.948623 248.896259 248.815991 248.747189 248.713590 248.705541 248.719519 248.637504 248.580418 248.563962 248.538704 248.428467 248.488164 248.453726 248.408532 248.388732 248.390707 248.353603 248.326999 248.258326 248.237409 248.225036 248.252685 248.205538 248.252391 248.185806 248.118014 248.152730 248.110155 248.090948 248.109350 248.142679 248.210234 248.210181 248.220743 248.299185 248.374584 248.347035 248.387819 248.427683 248.455605 248.446447 248.504955
248.914653 248.919255 248.920619 248.850942 249.002646 248.956391 248.994915 248.996371 249.002416 249.027866 249.048090 249.002530 248.943356 248.975749 248.945395 248.852179 248.829359 248.770798 248.743553 248.706193 248.688183 248.625970 248.605657 248.602869 248.558414 248.508530 248.512122 248.452382 248.443461 248.409186 248.407967 248.378505 248.343199 248.284633 248.329948 248.219661 248.230642 248.226114 248.229124 248.211864 248.193216 248.085391 248.132442 248.119374 248.132601 248.161894 248.214685 248.244501 248.298786 248.320526 248.377244 248.365970 248.407979 248.446598 248.447716 248.470092 248.532228
248.947113 248.940226 248.952726 248.934800 248.999144 248.986141 249.011126 249.016468 248.960016 249.071296 249.066201 249.033301 248.967667 249.022237 248.968980 248.890823 248.810565 248.767143 248.796874 248.710061 248.690626 248.691299 248.640956 248.626634 248.547993 248.535267 248.506721 248.524174 248.525529 248.430399 248.419594 248.361094 248.349854 248.315312 248.290032 248.275766 248.271003 248.224761 248.271310 248.267582 248.185100 248.223899 248.141899 248.152746 248.194633 248.244367 248.251655 248.369438 248.260148 248.356849 248.393063 248.401928 248.432681 248.478711 248.546688 248.501945 248.539262
248.983532 249.019997 248.950455 248.970728 248.950761 249.000556 249.029739 249.108997 249.081413 249.102109 249.106877 249.101433 249.052920 249.029771 248.985893 248.889038 248.834166 248.774249 248.778551 248.756518 248.681697 248.642291 248.610073 248.591754 248.576712 248.595763 248.526199 248.482068 248.513056 248.482789 248.440162 248.408782 248.335058 248.324598 248.349093 248.304696 248.327387 248.389126 248.338379 248.311173 248.268984 248.225035 248.242894 248.269006 248.174232 248.273507 248.283218 248.370714 248.426389 248.373076 248.415981 248.418817 248.450570 248.500473 248.480549 248.518865 248.566257
