WatershedDelineationTool/assets/Test4.asc
ncols 85
nrows 76
xllcorner 567975.000000
yllcorner 4536627.000000
cellsize 3.000000
NODATA_value -9999
[rows 0 to 24 of 76, columns 0 to 56 of 85]
247.599282 247.577028 247.576865 247.558558 247.571859 247.551313 247.531671 247.492728 247.445550 247.456217 247.486657 247.472979 247.486633 247.519611 247.507685 247.439632 247.433271 247.425974 247.481038 247.521708 247.457775 247.496562 247.482496 247.497103 247.502013 247.489485 247.451587 247.478386 247.512446 247.430075 247.502102 247.465204 247.457368 247.467492 247.440010 247.419837 247.480924 247.435809 247.440612 247.370846 247.447791 247.487573 247.383939 247.449749 247.506191 247.457806 247.422069 247.579121 247.540773 247.576819 247.661877 247.578947 247.641363 247.690346 247.668032 247.628407 247.603648
247.617305 247.600576 247.557606 247.556240 247.542767 247.552323 247.508875 247.549760 247.462675 247.421947 247.496089 247.499123 247.481909 247.459711 247.517950 247.459768 247.441463 247.360289 247.485873 247.512108 247.509385 247.516460 247.488990 247.475683 247.539029 247.473018 247.451219 247.484529 247.482105 247.446943 247.489840 247.453461 247.488425 247.429262 247.413604 247.438861 247.439170 247.455734 247.400280 247.407293 247.370100 247.483551 247.420545 247.442118 247.540798 247.390377 247.436443 247.573634 247.540400 247.570085 247.646183 247.636994 247.660199 247.685210 247.672536 247.650781 247.661179
247.603389 247.590030 247.577938 247.578110 247.600221 247.587355 247.567124 247.556623 247.513172 247.525824 247.512244 247.511216 247.489720 247.510334 247.551975 247.479593 247.465511 247.407986 247.471983 247.511026 247.509969 247.540734 247.483525 247.498616 247.490617 247.450213 247.469905 247.507393 247.520912 247.482919 247.431736 247.405603 247.417171 247.430026 247.419427 247.424588 247.439843 247.395044 247.373091 247.375889 247.402469 247.406422 247.410794 247.486997 247.460676 247.524026 247.490441 247.572671 247.607595 247.503287 247.679828 247.650358 247.685641 247.672308 247.658382 247.628776 247.629100
247.651374 247.579568 247.571966 247.570632 247.618291 247.550037 247.581139 247.596687 247.548030 247.519961 247.544212 247.532673 247.526487 247.532749 247.504790 247.417174 247.466280 247.430522 247.476951 247.446955 247.434327 247.568687 247.490606 247.498257 247.476269 247.432855 247.477869 247.495094 247.508113 247.466089 247.475594 247.446825 247.416794 247.415804 247.456789 247.443213 247.400510 247.402853 247.427982 247.368688 247.355912 247.390064 247.400059 247.416461 247.461509 247.554804 247.467408 247.538171 247.537019 247.574571 247.642655 247.681789 247.666071 247.688993 247.650724 247.665192 247.672094
247.632404 247.691115 247.589695 247.617314 247.659897 247.634634 247.657047 247.633031 247.541519 247.549700 247.566874 247.571539 247.540627 247.561666 247.513754 247.480508 247.509116 247.375137 247.455814 247.504875 247.514709 247.522190 247.469858 247.447206 247.410393 247.470037 247.450699 247.504257 247.478388 247.469516 247.442305 247.429814 247.528286 247.423579 247.402423 247.421451 247.405885 247.408786 247.418784 247.366676 247.378717 247.428265 247.384281 247.414774 247.444735 247.475873 247.501118 247.535747 247.519388 247.513083 247.636062 247.651218 247.697266 247.687977 247.679426 247.708915 247.677929
247.690208 247.687077 247.607975 247.618795 247.673442 247.636507 247.657247 247.628804 247.560759 247.556633 247.613431 247.553220 247.616762 247.570967 247.557591 247.515317 247.495687 247.475441 247.473057 247.497541 247.566364 247.493155 247.498537 247.545166 247.476873 247.470321 247.437436 247.484356 247.466777 247.471377 247.438571 247.424386 247.398797 247.439564 247.418071 247.451474 247.401980 247.399993 247.383167 247.337021 247.328087 247.387229 247.425318 247.397246 247.437056 247.457095 247.465344 247.541948 247.522587 247.566862 247.672147 247.685635 247.702097 247.703939 247.691411 247.686756 247.695607
247.704896 247.708619 247.655347 247.635070 247.609867 247.679557 247.665382 247.670063 247.591224 247.629866 247.639297 247.631142 247.587242 247.628261 247.608343 247.577406 247.506436 247.493193 247.500835 247.555928 247.543759 247.559561 247.488613 247.497782 247.475614 247.488397 247.442028 247.491266 247.481558 247.466144 247.433985 247.405148 247.469823 247.431174 247.410512 247.418161 247.394277 247.419442 247.413248 247.368041 247.349329 247.427696 247.375074 247.385414 247.445642 247.431005 247.464130 247.526460 247.541188 247.576624 247.666527 247.664058 247.686434 247.727216 247.694007 247.709481 247.716594
247.779800 247.741351 247.696603 247.660398 247.711844 247.707567 247.651285 247.727093 247.592546 247.592765 247.638842 247.650441 247.625498 247.649539 247.656553 247.590772 247.558488 247.530032 247.576726 247.567889 247.541008 247.600076 247.499994 247.509459 247.487420 247.453604 247.436271 247.485292 247.464532 247.495466 247.514603 247.428301 247.453566 247.430314 247.462954 247.409914 247.370045 247.421937 247.406607 247.384108 247.362467 247.413325 247.415522 247.411767 247.412333 247.473207 247.457354 247.489275 247.538590 247.548047 247.622730 247.607155 247.701252 247.748186 247.711156 247.701022 247.719936
247.818890 247.783763 247.713744 247.753162 247.781938 247.735727 247.730143 247.714388 247.649912 247.644729 247.689575 247.669622 247.591899 247.677197 247.658668 247.609754 247.580950 247.592517 247.608583 247.528392 247.595272 247.608594 247.500645 247.555223 247.498860 247.452308 247.418937 247.457711 247.475996 247.523012 247.473831 247.433816 247.539896 247.463578 247.445078 247.391857 247.435888 247.425232 247.400546 247.427835 247.423369 247.468681 247.425720 247.417937 247.365527 247.476943 247.470052 247.500896 247.547180 247.579724 247.665130 247.678357 247.705644 247.686916 247.718140 247.718178 247.753507
247.932404 247.849933 247.795476 247.801655 247.811805 247.776433 247.763337 247.766323 247.691352 247.749634 247.705284 247.647101 247.684479 247.691319 247.701235 247.664499 247.665982 247.611325 247.670538 247.610627 247.607208 247.588321 247.577807 247.532868 247.484295 247.465743 247.469375 247.464110 247.480807 247.478114 247.502224 247.404714 247.446899 247.440490 247.457213 247.494296 247.438898 247.371266 247.385305 247.412656 247.414973 247.427404 247.402389 247.431952 247.433683 247.477836 247.559547 247.530179 247.553069 247.590368 247.650577 247.684113 247.684033 247.729197 247.707213 247.710097 247.734408
247.945538 247.878670 247.855641 247.872313 247.826954 247.807738 247.806794 247.780025 247.721242 247.793862 247.745804 247.709863 247.724003 247.695975 247.714874 247.689033 247.677349 247.671755 247.610352 247.633053 247.715426 247.638181 247.559648 247.556316 247.498665 247.457645 247.474514 247.474496 247.464916 247.464392 247.466502 247.433234 247.454663 247.457214 247.464104 247.489989 247.437847 247.504710 247.483913 247.434276 247.476042 247.465427 247.406405 247.452750 247.450828 247.451817 247.516254 247.529304 247.532780 247.580200 247.618823 247.627168 247.730125 247.719873 247.700718 247.735060 247.808540
247.999968 247.966652 247.871392 247.930359 247.882482 247.846720 247.885076 247.824977 247.735058 247.778707 247.796920 247.761934 247.769774 247.750202 247.759759 247.732107 247.720123 247.680693 247.657621 247.710214 247.654823 247.668880 247.513469 247.645546 247.540757 247.432848 247.476244 247.485507 247.492119 247.435472 247.437739 247.443586 247.441388 247.451621 247.480751 247.568079 247.508019 247.410843 247.431392 247.445572 247.443834 247.430913 247.380403 247.449350 247.463837 247.444613 247.495246 247.550507 247.548431 247.609934 247.690269 247.667221 247.736685 247.727717 247.722571 247.768577 247.787796
248.021644 247.973288 247.941692 247.975785 247.961304 247.914666 247.935196 247.863375 247.805984 247.813560 247.818280 247.814534 247.803163 247.822632 247.805995 247.770782 247.728609 247.681752 247.712539 247.702017 247.745771 247.712774 247.626693 247.612721 247.539135 247.480900 247.438999 247.494358 247.480391 247.479159 247.470403 247.417905 247.439991 247.459747 247.473738 247.494048 247.463193 247.527604 247.469965 247.442320 247.411661 247.424826 247.396755 247.418672 247.458444 247.419360 247.533872 247.578772 247.608977 247.651660 247.651259 247.721726 247.790055 247.819792 247.820452 247.785501 247.827783
248.074029 248.053359 248.035746 248.050202 247.991486 247.945641 247.954674 247.910210 247.845872 247.844319 247.874317 247.860032 247.872192 247.867372 247.824471 247.840425 247.772861 247.777801 247.763867 247.758785 247.842923 247.733720 247.656521 247.663206 247.580602 247.486442 247.519496 247.501032 247.462346 247.466495 247.475228 247.435377 247.454284 247.440999 247.435592 247.497136 247.506326 247.515740 247.498502 247.433213 247.478541 247.475176 247.487736 247.499021 247.502956 247.470964 247.589917 247.611527 247.638090 247.636506 247.750747 247.681234 247.772830 247.824009 247.827526 247.811529 247.889888
248.135606 248.104949 248.106165 248.162210 248.057978 248.012799 248.038203 247.995519 247.900114 247.937557 247.943224 247.902021 247.922938 247.936818 247.920628 247.880655 247.824073 247.826794 247.858231 247.717435 247.831356 247.815377 247.616943 247.634158 247.583047 247.503634 247.491124 247.491074 247.486746 247.475065 247.466232 247.479844 247.481079 247.455877 247.466020 247.511890 247.502624 247.520093 247.465476 247.456081 247.459831 247.540420 247.448518 247.483836 247.553161 247.527765 247.573999 247.639324 247.685052 247.660069 247.773271 247.802236 247.839327 247.854750 247.871480 247.859991 247.884032
248.187710 248.159576 248.126231 248.169214 248.108893 248.082934 248.115241 248.093890 247.998748 248.039887 248.017444 247.986140 247.978810 247.963174 247.975665 247.926919 247.910995 247.880094 247.829667 247.791611 247.868924 247.767249 247.643654 247.668216 247.624075 247.534401 247.505036 247.521376 247.496055 247.510493 247.502072 247.478367 247.467649 247.490917 247.490711 247.502025 247.513759 247.531101 247.477479 247.495972 247.496182 247.483591 247.440394 247.513064 247.536636 247.559846 247.579292 247.654556 247.697901 247.738738 247.785163 247.881363 247.888063 247.922340 247.949933 247.906136 247.936065
248.225856 248.189680 248.163511 248.182048 248.146784 248.129544 248.137896 248.082807 248.019568 248.049976 248.061765 248.031512 248.034924 248.029108 248.002976 247.961281 247.945315 247.907234 247.905403 247.846061 247.842875 247.812509 247.670608 247.693186 247.610016 247.560945 247.544281 247.562262 247.501682 247.469427 247.520674 247.485072 247.528553 247.491881 247.501648 247.521104 247.517860 247.500661 247.516005 247.499438 247.508168 247.503300 247.540045 247.539375 247.503534 247.592863 247.641748 247.689936 247.768369 247.772197 247.807184 247.835256 247.910343 247.952063 247.963768 247.957392 247.998429
248.235943 248.244896 248.160624 248.176285 248.155837 248.138226 248.201981 248.106223 248.080553 248.085309 248.069554 248.071288 248.082226 248.021791 248.027255 247.984975 247.925629 247.939243 247.937023 247.875676 247.860117 247.847355 247.717191 247.721517 247.642250 247.576015 247.583466 247.607293 247.561859 247.538811 247.593933 247.529305 247.529918 247.524697 247.546388 247.530894 247.539809 247.524385 247.492277 247.565135 247.558652 247.558648 247.562730 247.550754 247.565052 247.610474 247.646626 247.705667 247.767320 247.794927 247.819616 247.856118 247.955828 247.985407 248.033258 248.054772 248.083194
248.295142 248.242533 248.243761 248.241798 248.180142 248.161218 248.186494 248.130637 248.088748 248.085490 248.079700 248.071643 248.116403 248.059554 248.028991 247.977949 247.950768 247.935970 247.920011 247.900968 247.889048 247.837581 247.749954 247.762018 247.691311 247.611367 247.597477 247.590802 247.569731 247.567575 247.587812 247.551851 247.520230 247.580959 247.535779 247.530002 247.555572 247.521501 247.489086 247.542950 247.548083 247.515880 247.528538 247.558139 247.637213 247.598738 247.679484 247.736820 247.801477 247.867891 247.875063 247.907700 247.993175 248.022462 248.068098 248.127838 248.122751
248.252788 248.261142 248.231034 248.222264 248.198200 248.164948 248.193199 248.165789 248.113329 248.106669 248.078425 248.102853 248.082797 248.094329 248.048642 248.000935 247.960601 247.923020 247.931071 247.895454 247.912236 247.861435 247.713326 247.773861 247.709387 247.630145 247.628504 247.641710 247.612369 247.603815 247.620945 247.594179 247.547797 247.591088 247.562360 247.533117 247.564073 247.589648 247.548360 247.515525 247.496058 247.504860 247.521598 247.581660 247.577279 247.627114 247.688945 247.699116 247.796296 247.857996 247.915369 247.922983 248.129286 248.029428 248.123411 248.167970 248.208920
248.254917 248.216914 248.200887 248.198759 248.147221 248.226713 248.171947 248.139114 248.120196 248.098200 248.009289 248.099435 248.070286 248.018826 248.087855 248.039397 247.946802 247.944960 247.981999 247.904380 247.953315 247.891994 247.776327 247.753293 247.736796 247.607583 247.611256 247.670281 247.654408 247.618428 247.638059 247.610274 247.635070 247.585985 247.569860 247.533576 247.598570 247.547561 247.512036 247.546278 247.517672 247.525131 247.548699 247.571866 247.593764 247.616515 247.699878 247.743617 247.841875 247.879916 247.898942 247.957857 248.040534 248.094945 248.174467 248.199944 248.206510
248.249446 248.230836 248.163916 248.212220 248.196976 248.188627 248.217412 248.191742 248.144190 248.096114 248.111111 248.105566 248.069900 248.049427 248.046361 247.992342 247.947688 247.966832 247.986515 247.909016 247.888709 247.875120 247.703384 247.798446 247.734835 247.675985 247.637405 247.675095 247.640278 247.631685 247.695628 247.593981 247.611402 247.628522 247.589794 247.563103 247.586473 247.568171 247.535557 247.528329 247.531763 247.520560 247.557986 247.604907 247.594457 247.684135 247.700843 247.717342 247.794956 247.897553 247.891594 247.994561 248.055814 248.125573 248.191682 248.201594 248.204084
248.239570 248.196615 248.217164 248.222556 248.217299 248.203935 248.180845 248.146139 248.136590 248.098833 248.104037 248.086077 248.078162 248.054972 248.039031 247.982541 247.926969 247.907644 247.945790 247.909921 247.925903 247.873771 247.778735 247.797485 247.731134 247.636119 247.626372 247.659292 247.679689 247.619562 247.665549 247.624072 247.561201 247.639864 247.608165 247.573978 247.600376 247.577184 247.546380 247.553175 247.546388 247.530146 247.571000 247.651482 247.577067 247.642548 247.742340 247.756817 247.858160 247.910115 247.920432 247.935176 248.087680 248.147348 248.185836 248.248948 248.261838
248.241442 248.208431 248.188372 248.206808 248.205804 248.185710 248.214018 248.157750 248.127891 248.107075 248.099964 248.112884 248.103451 248.048239 248.029741 247.998467 247.925067 247.919058 247.914958 247.876691 247.864728 247.846690 247.742615 247.754038 247.752606 247.690002 247.645933 247.713622 247.658646 247.665848 247.700550 247.678470 247.606763 247.638761 247.601943 247.581451 247.575867 247.584234 247.525096 247.549654 247.553202 247.538394 247.591482 247.573768 247.639816 247.613942 247.735928 247.794927 247.881929 247.905700 247.940511 248.022192 248.145093 248.175158 248.179258 248.243147 248.256890
248.232555 248.213933 248.186614 248.216496 248.224090 248.195799 248.204930 248.138353 248.234711 248.119510 248.128854 248.093052 248.085019 248.043309 248.081814 248.029349 247.961612 247.939180 247.900903 247.881314 247.843589 247.842834 247.760174 247.788410 247.755975 247.710018 247.702587 247.726172 247.732483 247.664118 247.727742 247.690346 247.642596 247.635008 247.630539 247.558604 247.594828 247.581619 247.535777 247.487697 247.514184 247.528961 247.587777 247.626352 247.661581 247.728333 247.782795 247.856847 247.908025 247.968622 248.005468 248.047554 248.175554 248.250519 248.215738 248.272608 248.292983
